0.001, 0.000
0.002, 1.000
0.003, 1.534
0.004, 1.534
0.005, 3.068
0.006, 7.670
0.007, 12.272
0.008, 13.806
0.009, 21.476
0.010, 29.146
0.011, 29.146
0.012, 41.417
0.013, 49.087
0.014, 47.553
0.015, 64.427
0.016, 65.961
0.017, 73.631
0.018, 87.437
0.019, 85.903
0.020, 101.243
0.021, 108.913
0.022, 113.515
0.023, 108.913
0.024, 122.718
0.025, 128.855
0.026, 133.456
0.027, 136.524
0.028, 127.320
0.029, 139.592
0.030, 138.058
0.031, 141.126
0.032, 145.728
0.033, 131.922
0.034, 138.058
0.035, 139.592
0.036, 136.524
0.037, 138.058
0.038, 130.388
0.039, 139.592
0.040, 141.126
0.041, 136.525
0.042, 141.126
0.043, 127.320
0.044, 145.728
0.045, 148.796
0.046, 148.796
0.047, 150.330
0.048, 136.525
0.049, 148.796
0.050, 153.398
0.051, 156.466
0.052, 153.398
0.053, 136.524
0.054, 148.796
0.055, 145.729
0.056, 150.330
0.057, 156.466
0.058, 141.126
0.059, 153.398
0.060, 151.864
0.061, 147.262
0.062, 151.864
0.063, 139.593
0.064, 154.932
0.065, 154.932
0.066, 156.466
0.067, 144.195
0.068, 165.670
0.069, 167.204
0.070, 164.135
0.071, 161.068
0.072, 144.195
0.073, 156.466
0.074, 161.068
0.075, 159.533
0.076, 164.136
0.077, 148.796
0.078, 158.000
0.079, 158.000
0.080, 162.602
0.081, 159.533
0.082, 138.059
0.083, 150.331
0.084, 148.796
0.085, 153.398
0.086, 156.466
0.087, 141.127
0.088, 156.466
0.089, 156.466
0.090, 153.399
0.091, 158.000
0.092, 144.195
0.093, 159.533
0.094, 154.932
0.095, 156.466
0.096, 158.000
0.097, 147.262
0.098, 162.602
0.099, 162.601
0.100, 164.136
0.101, 162.602
0.102, 148.796
0.103, 164.136
0.104, 162.601
0.105, 159.534
0.106, 147.263
0.107, 161.068
0.108, 162.601
0.109, 162.601
0.110, 156.466
0.111, 139.592
0.112, 154.932
0.113, 151.864
0.114, 154.932
0.115, 158.000
0.116, 142.660
0.117, 161.068
0.118, 159.534
0.119, 159.534
0.120, 164.135
0.121, 148.796
0.122, 162.601
0.123, 164.137
0.124, 162.601
0.125, 162.603
0.126, 150.330
0.127, 167.204
0.128, 170.271
0.129, 168.739
0.130, 165.668
0.131, 153.399
0.132, 165.670
0.133, 167.204
0.134, 167.204
0.135, 164.135
0.136, 148.796
0.137, 164.137
0.138, 162.601
0.139, 159.534
0.140, 164.135
0.141, 147.263
0.142, 165.670
0.143, 167.204
0.144, 170.271
0.145, 171.806
0.146, 153.399
0.147, 168.737
0.148, 170.273
0.149, 168.737
0.150, 154.932
0.151, 165.670
0.152, 164.135
0.153, 167.204
0.154, 168.737
0.155, 151.865
0.156, 165.670
0.157, 162.601
0.158, 162.601
0.159, 165.670
0.160, 147.263
0.161, 159.534
0.162, 162.601
0.163, 159.534
0.164, 164.135
0.165, 148.796
0.166, 167.204
0.167, 168.737
0.168, 165.670
0.169, 164.137
0.170, 151.863
0.171, 161.068
0.172, 159.534
0.173, 162.601
0.174, 162.603
0.175, 153.397
0.176, 168.739
0.177, 170.271
0.178, 173.340
0.179, 168.737
0.180, 151.865
0.181, 168.737
0.182, 167.204
0.183, 167.204
0.184, 167.204
0.185, 150.330
0.186, 168.739
0.187, 167.204
0.188, 168.737
0.189, 171.806
0.190, 153.397
0.191, 167.206
0.192, 168.737
0.193, 165.670
0.194, 148.796
0.195, 162.601
0.196, 159.534
0.197, 164.135
0.198, 164.135
0.199, 145.729
0.200, 159.534
0.201, 161.068
0.202, 161.068
0.203, 164.135
0.204, 148.796
0.205, 161.068
0.206, 164.137
0.207, 159.534
0.208, 159.533
0.209, 145.729
0.210, 159.534
0.211, 161.068
0.212, 161.068
0.213, 162.601
0.214, 150.331
0.215, 165.670
0.216, 164.135
0.217, 161.068
0.218, 159.534
0.219, 145.729
0.220, 161.068
0.221, 161.068
0.222, 162.601
0.223, 162.601
0.224, 145.729
0.225, 164.135
0.226, 168.735
0.227, 167.206
0.228, 167.206
0.229, 150.330
0.230, 159.534
0.231, 164.135
0.232, 159.534
0.233, 142.658
0.234, 156.467
0.235, 154.930
0.236, 158.001
0.237, 162.601
0.238, 147.263
0.239, 165.668
0.240, 165.672
0.241, 161.068
0.242, 164.135
0.243, 147.263
0.244, 159.534
0.245, 159.534
0.246, 162.601
0.247, 164.135
0.248, 153.400
0.249, 164.135
0.250, 165.668
0.251, 165.668
0.252, 162.601
0.253, 147.263
0.254, 164.135
0.255, 164.139
0.256, 162.601
0.257, 162.601
0.258, 148.796
0.259, 168.739
0.260, 165.668
0.261, 167.206
0.262, 168.735
0.263, 150.330
0.264, 164.139
0.265, 168.735
0.266, 164.135
0.267, 161.068
0.268, 148.796
0.269, 165.672
0.270, 168.735
0.271, 167.206
0.272, 168.739
0.273, 150.330
0.274, 165.668
0.275, 164.135
0.276, 165.672
0.277, 150.330
0.278, 164.135
0.279, 164.135
0.280, 162.605
0.281, 164.135
0.282, 150.330
0.283, 159.534
0.284, 159.534
0.285, 161.068
0.286, 161.068
0.287, 150.330
0.288, 162.601
0.289, 158.001
0.290, 159.534
0.291, 161.068
0.292, 150.330
0.293, 165.672
0.294, 164.135
0.295, 164.135
0.296, 165.672
0.297, 151.863
0.298, 168.735
0.299, 165.672
0.300, 159.534
0.301, 161.068
0.302, 150.330
0.303, 167.202
0.304, 170.273
0.305, 167.206
0.306, 167.202
0.307, 153.400
0.308, 165.668
0.309, 168.739
0.310, 167.202
0.311, 164.135
0.312, 151.867
0.313, 165.668
0.314, 164.135
0.315, 167.206
0.316, 162.601
0.317, 147.263
0.318, 162.601
0.319, 161.068
0.320, 164.135
0.321, 148.796
0.322, 165.668
0.323, 168.739
0.324, 167.206
0.325, 167.202
0.326, 153.400
0.327, 165.668
0.328, 164.135
0.329, 162.601
0.330, 159.534
0.331, 147.263
0.332, 164.135
0.333, 164.135
0.334, 164.135
0.335, 162.605
0.336, 145.725
0.337, 164.139
0.338, 161.068
0.339, 157.997
0.340, 161.068
0.341, 147.263
0.342, 167.206
0.343, 167.202
0.344, 162.601
0.345, 164.139
0.346, 150.330
0.347, 162.601
0.348, 167.202
0.349, 164.139
0.350, 164.135
0.351, 148.796
0.352, 164.135
0.353, 165.672
0.354, 167.202
0.355, 164.135
0.356, 147.263
0.357, 162.601
0.358, 158.001
0.359, 161.068
0.360, 161.068
0.361, 148.796
0.362, 165.672
0.363, 165.668
0.364, 165.668
0.365, 151.863
0.366, 164.139
0.367, 159.534
0.368, 162.598
0.369, 161.068
0.370, 148.796
0.371, 167.206
0.372, 162.601
0.373, 162.601
0.374, 158.001
0.375, 145.729
0.376, 162.601
0.377, 161.068
0.378, 156.467
0.379, 154.930
0.380, 142.662
0.381, 154.930
0.382, 162.601
0.383, 158.001
0.384, 159.534
0.385, 147.263
0.386, 158.001
0.387, 156.464
0.388, 159.534
0.389, 156.467
0.390, 144.192
0.391, 161.068
0.392, 164.139
0.393, 168.735
0.394, 167.206
0.395, 151.863
0.396, 165.668
0.397, 165.672
0.398, 165.668
0.399, 168.739
0.400, 151.863
0.401, 165.668
0.402, 165.672
0.403, 159.534
0.404, 162.601
0.405, 148.796
0.406, 156.464
0.407, 153.400
0.408, 154.934
0.409, 141.125
0.410, 159.534
0.411, 161.068
0.412, 159.534
0.413, 164.135
0.414, 147.263
0.415, 158.001
0.416, 161.064
0.417, 159.538
0.418, 164.139
0.419, 151.863
0.420, 162.598
0.421, 165.672
0.422, 167.206
0.423, 161.064
0.424, 145.729
0.425, 161.072
0.426, 162.598
0.427, 165.672
0.428, 164.131
0.429, 148.796
0.430, 165.672
0.431, 164.139
0.432, 161.064
0.433, 164.139
0.434, 150.330
0.435, 164.139
0.436, 162.598
0.437, 162.605
0.438, 167.198
0.439, 150.337
0.440, 164.131
0.441, 162.605
0.442, 161.064
0.443, 158.005
0.444, 147.263
0.445, 159.531
0.446, 161.072
0.447, 162.598
0.448, 159.538
0.449, 144.196
0.450, 162.598
0.451, 161.072
0.452, 164.131
0.453, 162.605
0.454, 144.196
0.455, 161.064
0.456, 161.072
0.457, 161.064
0.458, 145.729
0.459, 161.072
0.460, 162.598
0.461, 164.139
0.462, 162.598
0.463, 142.662
0.464, 158.005
0.465, 157.997
0.466, 156.464
0.467, 161.072
0.468, 145.729
0.469, 159.531
0.470, 159.538
0.471, 159.531
0.472, 162.598
0.473, 147.263
0.474, 162.605
0.475, 161.072
0.476, 159.531
0.477, 157.997
0.478, 148.796
0.479, 161.072
0.480, 157.997
0.481, 158.005
0.482, 159.531
0.483, 147.263
0.484, 162.605
0.485, 159.531
0.486, 154.930
0.487, 154.930
0.488, 139.587
0.489, 154.938
0.490, 157.997
0.491, 156.464
0.492, 158.005
0.493, 145.729
0.494, 154.930
0.495, 157.997
0.496, 156.471
0.497, 156.464
0.498, 141.129
0.499, 157.997
0.500, 159.538
0.501, 164.131
0.502, 147.263
0.503, 157.997
0.504, 154.938
0.505, 156.464
0.506, 156.464
0.507, 147.263
0.508, 159.538
0.509, 159.531
0.510, 156.464
0.511, 154.938
0.512, 142.662
0.513, 161.064
0.514, 159.531
0.515, 158.005
0.516, 157.997
0.517, 145.729
0.518, 162.605
0.519, 164.131
0.520, 162.605
0.521, 164.131
0.522, 148.796
0.523, 158.005
0.524, 161.064
0.525, 161.072
0.526, 156.464
0.527, 134.995
0.528, 159.531
0.529, 153.404
0.530, 156.464
0.531, 156.464
0.532, 141.129
0.533, 154.930
0.534, 154.930
0.535, 158.005
0.536, 161.064
0.537, 142.662
0.538, 154.930
0.539, 156.471
0.540, 153.397
0.541, 139.587
0.542, 156.471
0.543, 154.930
0.544, 153.397
0.545, 153.397
0.546, 139.595
0.547, 154.930
0.548, 156.471
0.549, 154.930
0.550, 153.397
0.551, 141.129
0.552, 156.464
0.553, 159.538
0.554, 161.064
0.555, 154.930
0.556, 138.062
0.557, 151.863
0.558, 151.863
0.559, 154.930
0.560, 156.471
0.561, 139.587
0.562, 151.863
0.563, 154.938
0.564, 153.397
0.565, 157.997
0.566, 142.662
0.567, 154.930
0.568, 154.938
0.569, 157.997
0.570, 156.471
0.571, 147.263
0.572, 161.064
0.573, 156.464
0.574, 154.938
0.575, 141.121
0.576, 156.471
0.577, 159.531
0.578, 156.464
0.579, 156.471
0.580, 141.121
0.581, 151.871
0.582, 154.930
0.583, 159.531
0.584, 153.397
0.585, 139.595
0.586, 151.863
0.587, 151.863
0.588, 153.397
0.589, 156.471
0.590, 139.587
0.591, 153.404
0.592, 151.863
0.593, 153.397
0.594, 154.930
0.595, 144.196
0.596, 154.930
0.597, 156.471
0.598, 154.930
0.599, 151.863
0.600, 141.129
0.601, 156.464
0.602, 153.397
0.603, 148.796
0.604, 151.863
0.605, 138.062
0.606, 157.997
0.607, 161.072
0.608, 153.397
0.609, 150.330
0.610, 136.520
0.611, 148.796
0.612, 153.397
0.613, 153.397
0.614, 138.062
0.615, 148.796
0.616, 148.796
0.617, 147.263
0.618, 151.863
0.619, 141.129
0.620, 154.930
0.621, 159.531
0.622, 161.072
0.623, 156.464
0.624, 145.729
0.625, 159.538
0.626, 157.997
0.627, 157.997
0.628, 159.538
0.629, 145.729
0.630, 162.598
0.631, 161.072
0.632, 157.997
0.633, 157.997
0.634, 144.196
0.635, 158.005
0.636, 161.064
0.637, 157.997
0.638, 158.005
0.639, 141.129
0.640, 156.464
0.641, 157.997
0.642, 161.072
0.643, 156.464
0.644, 139.595
0.645, 153.397
0.646, 151.863
0.647, 156.464
0.648, 156.471
0.649, 139.587
0.650, 153.397
0.651, 153.404
0.652, 151.863
0.653, 154.930
0.654, 142.662
0.655, 154.930
0.656, 156.471
0.657, 157.997
0.658, 145.729
0.659, 162.605
0.660, 162.598
0.661, 158.005
0.662, 156.464
0.663, 142.662
0.664, 156.464
0.665, 157.997
0.666, 158.005
0.667, 153.397
0.668, 138.054
0.669, 151.871
0.670, 147.263
0.671, 151.863
0.672, 150.330
0.673, 134.987
0.674, 147.263
0.675, 148.796
0.676, 150.330
0.677, 154.930
0.678, 138.062
0.679, 147.263
0.680, 148.796
0.681, 151.863
0.682, 153.397
0.683, 141.129
0.684, 157.997
0.685, 154.938
0.686, 157.997
0.687, 157.997
0.688, 138.062
0.689, 154.930
0.690, 153.397
0.691, 148.796
0.692, 147.263
0.693, 136.528
0.694, 154.930
0.695, 158.005
0.696, 157.997
0.697, 153.397
0.698, 138.062
0.699, 151.863
0.700, 150.330
0.701, 154.930
0.702, 150.337
0.703, 136.520
0.704, 148.796
0.705, 150.330
0.706, 147.263
0.707, 139.595
0.708, 153.397
0.709, 153.397
0.710, 150.330
0.711, 148.796
0.712, 134.995
0.713, 151.863
0.714, 151.863
0.715, 151.863
0.716, 153.397
0.717, 141.129
0.718, 151.863
0.719, 154.930
0.720, 154.930
0.721, 153.404
0.722, 138.054
0.723, 150.330
0.724, 153.404
0.725, 157.997
0.726, 156.464
0.727, 136.528
0.728, 150.330
0.729, 148.796
0.730, 148.796
0.731, 153.397
0.732, 136.528
0.733, 147.263
0.734, 148.788
0.735, 151.863
0.736, 151.863
0.737, 142.662
0.738, 156.464
0.739, 154.930
0.740, 158.005
0.741, 154.930
0.742, 138.062
0.743, 154.930
0.744, 153.397
0.745, 148.796
0.746, 148.796
0.747, 136.528
0.748, 153.397
0.749, 159.531
0.750, 156.471
0.751, 151.863
0.752, 136.520
0.753, 150.330
0.754, 145.729
0.755, 148.796
0.756, 133.461
0.757, 145.721
0.758, 145.729
0.759, 148.796
0.760, 145.729
0.761, 138.062
0.762, 151.863
0.763, 147.263
0.764, 145.729
0.765, 144.196
0.766, 134.987
0.767, 151.863
0.768, 153.397
0.769, 153.404
0.770, 153.397
0.771, 139.587
0.772, 153.404
0.773, 154.930
0.774, 154.930
0.775, 153.397
0.776, 138.062
0.777, 151.863
0.778, 153.397
0.779, 156.471
0.780, 156.464
0.781, 138.062
0.782, 148.796
0.783, 148.796
0.784, 150.330
0.785, 153.397
0.786, 141.129
0.787, 151.863
0.788, 154.930
0.789, 156.464
0.790, 158.005
0.791, 148.796
0.792, 161.064
0.793, 158.005
0.794, 156.464
0.795, 156.464
0.796, 142.662
0.797, 159.531
0.798, 156.471
0.799, 151.863
0.800, 148.796
0.801, 134.987
0.802, 148.796
0.803, 151.863
0.804, 151.871
0.805, 145.729
0.806, 130.386
0.807, 144.196
0.808, 147.263
0.809, 150.330
0.810, 138.054
0.811, 147.263
0.812, 147.263
0.813, 147.263
0.814, 148.796
0.815, 139.595
0.816, 154.930
0.817, 153.397
0.818, 153.397
0.819, 153.404
0.820, 139.587
0.821, 156.471
0.822, 157.997
0.823, 158.005
0.824, 154.930
0.825, 139.587
0.826, 150.337
0.827, 153.397
0.828, 151.863
0.829, 148.796
0.830, 134.987
0.831, 147.263
0.832, 148.796
0.833, 153.397
0.834, 153.397
0.835, 134.995
0.836, 144.196
0.837, 147.263
0.838, 147.263
0.839, 150.330
0.840, 136.520
0.841, 148.804
0.842, 147.263
0.843, 147.263
0.844, 147.263
0.845, 134.979
0.846, 153.397
0.847, 151.871
0.848, 151.871
0.849, 151.855
0.850, 139.587
0.851, 156.479
0.852, 157.990
0.853, 154.938
0.854, 154.938
0.855, 138.046
0.856, 151.871
0.857, 151.855
0.858, 154.938
0.859, 148.804
0.860, 131.912
0.861, 145.737
0.862, 145.721
0.863, 150.330
0.864, 138.062
0.865, 151.871
0.866, 150.330
0.867, 150.330
0.868, 148.788
0.869, 136.536
0.870, 151.855
0.871, 148.804
0.872, 147.263
0.873, 144.180
0.874, 133.469
0.875, 150.330
0.876, 154.922
0.877, 153.397
0.878, 153.412
0.879, 138.046
0.880, 153.397
0.881, 150.330
0.882, 156.479
0.883, 151.855
0.884, 139.587
0.885, 153.412
0.886, 153.397
0.887, 148.788
0.888, 153.397
0.889, 136.536
0.890, 151.855
0.891, 153.397
0.892, 151.871
0.893, 151.855
0.894, 142.670
0.895, 154.922
0.896, 153.397
0.897, 150.330
0.898, 153.412
0.899, 139.587
0.900, 156.464
0.901, 153.397
0.902, 147.263
0.903, 133.453
0.904, 154.938
0.905, 153.397
0.906, 156.464
0.907, 153.397
0.908, 154.938
0.909, 142.654
0.910, 151.871
0.911, 150.330
0.912, 151.871
0.913, 148.788
0.914, 131.927
0.915, 142.654
0.916, 145.737
0.917, 147.263
0.918, 138.046
0.919, 151.871
0.920, 147.263
0.921, 144.196
0.922, 144.196
0.923, 133.453
0.924, 150.330
0.925, 150.330
0.926, 148.804
0.927, 147.247
0.928, 131.927
0.929, 142.670
0.930, 145.721
0.931, 148.788
0.932, 145.737
0.933, 133.453
0.934, 144.196
0.935, 142.654
0.936, 144.196
0.937, 147.263
0.938, 131.927
0.939, 147.263
0.940, 147.263
0.941, 145.721
0.942, 145.737
0.943, 136.520
0.944, 148.804
0.945, 148.788
0.946, 148.804
0.947, 147.247
0.948, 133.453
0.949, 150.330
0.950, 148.788
0.951, 144.196
0.952, 144.196
0.953, 128.860
0.954, 139.587
0.955, 142.670
0.956, 145.721
0.957, 141.129
0.958, 128.845
0.959, 142.670
0.960, 142.654
0.961, 144.196
0.962, 147.263
0.963, 131.927
0.964, 145.721
0.965, 145.737
0.966, 145.721
0.967, 128.860
0.968, 147.263
0.969, 147.263
0.970, 144.196
0.971, 145.721
0.972, 131.927
0.973, 141.113
0.974, 144.196
0.975, 147.263
0.976, 144.196
0.977, 131.927
0.978, 142.654
0.979, 141.129
0.980, 139.587
0.981, 145.737
0.982, 130.386
0.983, 142.654
0.984, 145.737
0.985, 147.263
0.986, 147.263
0.987, 134.995
0.988, 147.247
0.989, 142.670
0.990, 139.587
0.991, 141.129
0.992, 130.386
0.993, 145.737
0.994, 147.263
0.995, 147.263
0.996, 150.330
0.997, 136.520
0.998, 148.804
0.999, 148.788
1.000, 148.804
1.001, 147.263
1.002, 131.912
1.003, 145.737
1.004, 144.196
1.005, 144.180
1.006, 148.804
1.007, 133.453
1.008, 147.263
1.009, 144.196
1.010, 145.721
1.011, 144.196
1.012, 134.995
1.013, 147.263
1.014, 145.721
1.015, 144.196
1.016, 145.737
1.017, 130.386
1.018, 145.721
1.019, 148.804
1.020, 145.721
1.021, 133.469
1.022, 144.180
1.023, 141.129
1.024, 141.129
1.025, 147.263
1.026, 131.927
1.027, 145.721
1.028, 144.196
1.029, 142.670
1.030, 141.113
1.031, 133.469
1.032, 144.196
1.033, 142.654
1.034, 138.062
1.035, 139.587
1.036, 125.793
1.037, 142.654
1.038, 145.737
1.039, 144.180
1.040, 144.196
1.041, 130.386
1.042, 142.670
1.043, 141.129
1.044, 144.196
1.045, 144.196
1.046, 127.319
1.047, 139.587
1.048, 139.587
1.049, 141.129
1.050, 145.737
1.051, 134.979
1.052, 147.263
1.053, 145.737
1.054, 145.721
1.055, 142.654
1.056, 128.860
1.057, 145.737
1.058, 144.180
1.059, 142.670
1.060, 142.654
1.061, 130.386
1.062, 147.263
1.063, 151.871
1.064, 148.788
1.065, 147.263
1.066, 133.469
1.067, 144.180
1.068, 141.129
1.069, 144.196
1.070, 131.927
1.071, 142.654
1.072, 144.196
1.073, 144.196
1.074, 144.196
1.075, 134.995
1.076, 151.855
1.077, 147.263
1.078, 145.737
1.079, 144.196
1.080, 127.319
1.081, 138.062
1.082, 144.196
1.083, 141.113
1.084, 141.129
1.085, 125.793
1.086, 138.062
1.087, 138.046
1.088, 142.670
1.089, 144.196
1.090, 128.845
1.091, 141.129
1.092, 139.587
1.093, 134.995
1.094, 139.587
1.095, 130.402
1.096, 141.113
1.097, 141.129
1.098, 141.129
1.099, 141.129
1.100, 124.252
1.101, 138.062
1.102, 139.587
1.103, 139.587
1.104, 141.129
1.105, 125.793
1.106, 138.062
1.107, 138.046
1.108, 142.670
1.109, 141.129
1.110, 128.845
1.111, 142.670
1.112, 141.113
1.113, 139.603
1.114, 141.129
1.115, 130.386
1.116, 141.129
1.117, 136.520
1.118, 138.062
1.119, 136.520
1.120, 124.252
1.121, 142.654
1.122, 141.129
1.123, 138.062
1.124, 133.453
1.125, 119.659
1.126, 131.912
1.127, 133.469
1.128, 136.520
1.129, 134.979
1.130, 122.726
1.131, 133.453
1.132, 134.995
1.133, 131.927
1.134, 122.711
1.135, 139.587
1.136, 136.536
1.137, 136.520
1.138, 136.520
1.139, 125.793
1.140, 136.520
1.141, 141.129
1.142, 142.654
1.143, 141.129
1.144, 127.319
1.145, 138.062
1.146, 138.062
1.147, 139.587
1.148, 144.196
1.149, 128.845
1.150, 141.129
1.151, 139.603
1.152, 138.046
1.153, 133.469
1.154, 124.252
1.155, 136.520
1.156, 134.995
1.157, 136.520
1.158, 134.995
1.159, 125.778
1.160, 136.520
1.161, 141.129
1.162, 139.603
1.163, 138.046
1.164, 121.185
1.165, 134.995
1.166, 134.995
1.167, 138.062
1.168, 141.113
1.169, 125.793
1.170, 139.587
1.171, 139.603
1.172, 138.046
1.173, 139.603
1.174, 128.845
1.175, 142.670
1.176, 138.062
1.177, 136.520
1.178, 138.062
1.179, 122.711
1.180, 139.587
1.181, 142.670
1.182, 139.587
1.183, 141.129
1.184, 128.860
1.185, 138.046
1.186, 138.062
1.187, 142.654
1.188, 144.196
1.189, 125.793
1.190, 134.995
1.191, 133.453
1.192, 133.453
1.193, 134.995
1.194, 127.319
1.195, 138.062
1.196, 136.520
1.197, 136.520
1.198, 122.726
1.199, 136.520
1.200, 136.520
1.201, 139.587
1.202, 136.536
1.203, 124.252
1.204, 136.520
1.205, 138.062
1.206, 139.587
1.207, 144.196
1.208, 131.927
1.209, 141.129
1.210, 136.520
1.211, 134.995
1.212, 134.979
1.213, 122.726
1.214, 138.046
1.215, 134.995
1.216, 131.927
1.217, 130.386
1.218, 119.644
1.219, 131.912
1.220, 131.927
1.221, 138.062
1.222, 133.453
1.223, 119.644
1.224, 130.386
1.225, 131.927
1.226, 131.927
1.227, 133.453
1.228, 124.252
1.229, 133.453
1.230, 134.995
1.231, 133.453
1.232, 133.453
1.233, 121.185
1.234, 134.995
1.235, 138.062
1.236, 133.453
1.237, 130.386
1.238, 121.185
1.239, 133.453
1.240, 130.386
1.241, 136.536
1.242, 136.520
1.243, 122.711
1.244, 138.062
1.245, 136.520
1.246, 139.603
1.247, 138.046
1.248, 127.335
1.249, 138.046
1.250, 131.927
1.251, 127.319
1.252, 118.118
1.253, 131.927
1.254, 134.979
1.255, 139.603
1.256, 138.046
1.257, 122.726
1.258, 134.995
1.259, 136.520
1.260, 133.453
1.261, 138.062
1.262, 125.778
1.263, 133.469
1.264, 131.912
1.265, 133.453
1.266, 131.927
1.267, 121.185
1.268, 134.995
1.269, 138.062
1.270, 134.979
1.271, 133.469
1.272, 124.252
1.273, 133.453
1.274, 131.927
1.275, 138.046
1.276, 136.536
1.277, 121.185
1.278, 133.453
1.279, 131.912
1.280, 134.995
1.281, 139.587
1.282, 128.860
1.283, 138.062
1.284, 134.995
1.285, 134.979
1.286, 130.386
1.287, 118.118
1.288, 130.386
1.289, 136.536
1.290, 134.979
1.291, 136.536
1.292, 122.711
1.293, 134.995
1.294, 134.995
1.295, 138.046
1.296, 141.129
1.297, 122.726
1.298, 134.979
1.299, 131.927
1.300, 130.386
1.301, 134.995
1.302, 127.319
1.303, 138.062
1.304, 136.520
1.305, 138.062
1.306, 124.252
1.307, 138.062
1.308, 136.520
1.309, 138.062
1.310, 136.520
1.311, 122.711
1.312, 130.402
1.313, 130.386
1.314, 131.912
1.315, 136.536
1.316, 125.778
1.317, 134.995
1.318, 133.453
1.319, 131.927
1.320, 130.386
1.321, 118.118
1.322, 133.453
1.323, 133.453
1.324, 130.386
1.325, 130.402
1.326, 121.170
1.327, 133.469
1.328, 133.453
1.329, 136.520
1.330, 139.587
1.331, 122.726
1.332, 133.453
1.333, 131.927
1.334, 130.386
1.335, 130.386
1.336, 122.726
1.337, 136.520
1.338, 131.912
1.339, 133.469
1.340, 134.979
1.341, 121.185
1.342, 133.469
1.343, 136.520
1.344, 134.995
1.345, 127.319
1.346, 111.969
1.347, 121.185
1.348, 122.726
1.349, 119.644
1.350, 128.860
1.351, 121.185
1.352, 128.845
1.353, 128.860
1.354, 128.845
1.355, 130.402
1.356, 116.577
1.357, 130.386
1.358, 130.386
1.359, 128.860
1.360, 127.319
1.361, 118.118
1.362, 133.453
1.363, 131.927
1.364, 134.995
1.365, 122.711
1.366, 131.927
1.367, 130.386
1.368, 130.386
1.369, 133.453
1.370, 119.659
1.371, 134.979
1.372, 136.536
1.373, 133.453
1.374, 134.979
1.375, 122.726
1.376, 136.520
1.377, 136.520
1.378, 139.603
1.379, 139.587
1.380, 122.726
1.381, 133.453
1.382, 131.912
1.383, 131.927
1.384, 134.995
1.385, 127.319
1.386, 138.062
1.387, 136.520
1.388, 133.453
1.389, 134.995
1.390, 121.185
1.391, 134.995
1.392, 139.587
1.393, 131.912
1.394, 131.927
1.395, 119.659
1.396, 133.453
1.397, 131.912
1.398, 136.536
1.399, 139.587
1.400, 121.185
1.401, 133.453
1.402, 134.995
1.403, 130.386
1.404, 131.927
1.405, 122.711
1.406, 134.995
1.407, 130.386
1.408, 130.386
1.409, 131.927
1.410, 122.711
1.411, 131.927
1.412, 136.520
1.413, 136.536
1.414, 131.912
1.415, 119.659
1.416, 134.979
1.417, 134.995
1.418, 134.995
1.419, 124.252
1.420, 134.995
1.421, 131.912
1.422, 131.927
1.423, 131.927
1.424, 119.644
1.425, 131.927
1.426, 138.046
1.427, 134.995
1.428, 133.453
1.429, 119.659
1.430, 131.912
1.431, 128.860
1.432, 131.927
1.433, 136.520
1.434, 119.644
1.435, 128.860
1.436, 128.860
1.437, 131.912
1.438, 130.386
1.439, 119.659
1.440, 134.995
1.441, 130.386
1.442, 124.252
1.443, 124.252
1.444, 116.577
1.445, 127.319
1.446, 128.860
1.447, 134.979
1.448, 130.402
1.449, 116.577
1.450, 125.778
1.451, 125.793
1.452, 125.793
1.453, 128.845
1.454, 121.185
1.455, 130.386
1.456, 130.386
1.457, 128.860
1.458, 128.860
1.459, 116.577
1.460, 131.927
1.461, 134.979
1.462, 133.469
1.463, 130.386
1.464, 118.118
1.465, 124.252
1.466, 124.252
1.467, 125.778
1.468, 131.927
1.469, 118.118
1.470, 127.319
1.471, 128.845
1.472, 127.335
1.473, 125.778
1.474, 115.051
1.475, 130.386
1.476, 128.860
1.477, 121.185
1.478, 108.902
1.479, 124.252
1.480, 125.793
1.481, 125.778
1.482, 133.469
1.483, 121.170
1.484, 130.402
1.485, 125.778
1.486, 127.319
1.487, 128.860
1.488, 118.118
1.489, 133.453
1.490, 133.453
1.491, 130.386
1.492, 128.860
1.493, 118.118
1.494, 130.386
1.495, 128.845
1.496, 133.469
1.497, 133.453
1.498, 118.118
1.499, 127.319
1.500, 125.778
1.501, 128.860
1.502, 127.319
1.503, 119.644
1.504, 133.469
1.505, 130.386
1.506, 125.778
1.507, 127.319
1.508, 116.592
1.509, 128.845
1.510, 131.927
1.511, 133.453
1.512, 128.860
1.513, 111.984
1.514, 119.644
1.515, 122.726
1.516, 128.845
1.517, 130.386
1.518, 124.252
1.519, 134.995
1.520, 128.860
1.521, 125.778
1.522, 128.860
1.523, 119.644
1.524, 131.927
1.525, 134.995
1.526, 130.386
1.527, 128.845
1.528, 113.525
1.529, 127.319
1.530, 128.845
1.531, 130.386
1.532, 122.726
1.533, 131.927
1.534, 128.845
1.535, 127.319
1.536, 128.860
1.537, 118.118
1.538, 128.845
1.539, 131.927
1.540, 128.860
1.541, 127.319
1.542, 116.577
1.543, 131.927
1.544, 130.386
1.545, 131.912
1.546, 134.995
1.547, 119.659
1.548, 127.319
1.549, 125.778
1.550, 127.319
1.551, 128.860
1.552, 118.118
1.553, 136.520
1.554, 133.453
1.555, 130.386
1.556, 130.386
1.557, 118.118
1.558, 131.912
1.559, 128.860
1.560, 133.453
1.561, 130.386
1.562, 115.051
1.563, 124.252
1.564, 127.319
1.565, 127.319
1.566, 130.386
1.567, 121.185
1.568, 131.927
1.569, 127.319
1.570, 124.252
1.571, 124.252
1.572, 113.510
1.573, 125.793
1.574, 130.386
1.575, 130.386
1.576, 128.860
1.577, 118.118
1.578, 131.912
1.579, 130.386
1.580, 128.860
1.581, 121.185
1.582, 131.912
1.583, 128.860
1.584, 125.793
1.585, 127.319
1.586, 118.118
1.587, 130.386
1.588, 134.979
1.589, 133.469
1.590, 131.912
1.591, 119.659
1.592, 133.453
1.593, 131.927
1.594, 128.845
1.595, 133.453
1.596, 119.659
1.597, 128.845
1.598, 128.860
1.599, 130.386
1.600, 133.453
1.601, 116.592
1.602, 134.979
1.603, 131.927
1.604, 127.319
1.605, 122.726
1.606, 108.902
1.607, 124.252
1.608, 118.118
1.609, 122.726
1.610, 124.252
1.611, 111.984
1.612, 127.319
1.613, 130.386
1.614, 130.386
1.615, 127.319
1.616, 116.577
1.617, 133.469
1.618, 127.319
1.619, 124.252
1.620, 124.252
1.621, 111.969
1.622, 122.726
1.623, 125.778
1.624, 131.927
1.625, 118.118
1.626, 127.319
1.627, 127.319
1.628, 128.860
1.629, 131.912
1.630, 118.118
1.631, 133.453
1.632, 130.402
1.633, 125.778
1.634, 122.726
1.635, 113.510
1.636, 127.319
1.637, 125.778
1.638, 131.927
1.639, 130.386
1.640, 113.525
1.641, 121.185
1.642, 121.170
1.643, 124.268
1.644, 127.319
1.645, 118.103
1.646, 130.402
1.647, 127.319
1.648, 125.778
1.649, 127.319
1.650, 116.592
1.651, 128.845
1.652, 130.386
1.653, 131.927
1.654, 127.319
1.655, 113.510
1.656, 125.793
1.657, 125.793
1.658, 128.845
1.659, 130.386
1.660, 122.726
1.661, 130.386
1.662, 128.860
1.663, 128.845
1.664, 131.927
1.665, 118.118
1.666, 131.912
1.667, 133.469
1.668, 128.845
1.669, 122.726
1.670, 110.443
1.671, 121.185
1.672, 119.644
1.673, 121.185
1.674, 118.118
1.675, 128.860
1.676, 124.252
1.677, 122.711
1.678, 121.185
1.679, 110.443
1.680, 121.185
1.681, 125.793
1.682, 124.252
1.683, 122.711
1.684, 110.458
1.685, 119.644
1.686, 118.118
1.687, 118.118
1.688, 118.118
1.689, 115.036
1.690, 121.185
1.691, 118.118
1.692, 111.984
1.693, 110.443
1.694, 102.783
1.695, 113.510
1.696, 119.659
1.697, 127.319
1.698, 121.185
1.699, 108.902
1.700, 118.118
1.701, 118.118
1.702, 118.118
1.703, 119.644
1.704, 113.525
1.705, 125.778
1.706, 121.185
1.707, 122.726
1.708, 122.711
1.709, 113.510
1.710, 125.793
1.711, 127.319
1.712, 131.927
1.713, 127.319
1.714, 111.984
1.715, 122.711
1.716, 121.185
1.717, 122.711
1.718, 122.726
1.719, 116.577
1.720, 128.860
1.721, 124.252
1.722, 124.252
1.723, 124.252
1.724, 115.051
1.725, 125.778
1.726, 130.386
1.727, 131.927
1.728, 113.510
1.729, 124.252
1.730, 125.793
1.731, 124.252
1.732, 124.252
1.733, 115.051
1.734, 128.845
1.735, 127.319
1.736, 127.335
1.737, 122.711
1.738, 115.051
1.739, 128.845
1.740, 130.402
1.741, 133.453
1.742, 128.845
1.743, 115.051
1.744, 128.860
1.745, 128.845
1.746, 127.319
1.747, 127.335
1.748, 121.170
1.749, 128.860
1.750, 124.252
1.751, 121.185
1.752, 124.252
1.753, 115.051
1.754, 124.252
1.755, 130.386
1.756, 128.860
1.757, 122.711
1.758, 111.984
1.759, 122.711
1.760, 124.252
1.761, 121.185
1.762, 125.793
1.763, 115.051
1.764, 121.185
1.765, 116.577
1.766, 118.118
1.767, 118.118
1.768, 107.376
1.769, 119.644
1.770, 125.793
1.771, 122.711
1.772, 118.118
1.773, 104.309
1.774, 116.592
1.775, 116.577
1.776, 116.577
1.777, 118.118
1.778, 113.525
1.779, 122.711
1.780, 124.252
1.781, 124.252
1.782, 127.319
1.783, 118.118
1.784, 130.386
1.785, 131.927
1.786, 128.860
1.787, 110.443
1.788, 118.118
1.789, 118.118
1.790, 121.170
1.791, 122.726
1.792, 116.577
1.793, 130.386
1.794, 124.252
1.795, 122.726
1.796, 121.185
1.797, 111.984
1.798, 124.237
1.799, 127.319
1.800, 128.876
1.801, 125.763
1.802, 112.000
1.803, 124.237
1.804, 128.876
1.805, 127.319
1.806, 127.319
1.807, 118.103
1.808, 127.319
1.809, 121.185
1.810, 118.134
1.811, 107.361
1.812, 121.185
1.813, 119.629
1.814, 124.268
1.815, 127.319
1.816, 122.711
1.817, 112.000
1.818, 124.237
1.819, 122.711
1.820, 124.268
1.821, 125.793
1.822, 116.577
1.823, 124.237
1.824, 116.577
1.825, 115.051
1.826, 116.608
1.827, 108.887
1.828, 118.134
1.829, 125.793
1.830, 127.319
1.831, 124.237
1.832, 110.443
1.833, 121.185
1.834, 121.185
1.835, 118.134
1.836, 121.185
1.837, 111.969
1.838, 122.711
1.839, 122.711
1.840, 124.268
1.841, 127.319
1.842, 118.103
1.843, 125.793
1.844, 130.402
1.845, 128.845
1.846, 115.051
1.847, 124.237
1.848, 121.185
1.849, 122.742
1.850, 124.237
1.851, 116.577
1.852, 131.927
1.853, 128.876
1.854, 130.371
1.855, 127.319
1.856, 116.577
1.857, 125.793
1.858, 127.319
1.859, 131.927
1.860, 125.793
1.861, 110.443
1.862, 119.659
1.863, 119.659
1.864, 121.185
1.865, 124.237
1.866, 118.134
1.867, 127.319
1.868, 122.711
1.869, 121.185
1.870, 121.185
1.871, 108.917
1.872, 116.577
1.873, 121.185
1.874, 124.237
1.875, 122.742
1.876, 111.969
1.877, 125.793
1.878, 128.845
1.879, 127.319
1.880, 127.319
1.881, 119.659
1.882, 127.319
1.883, 124.237
1.884, 121.185
1.885, 122.742
1.886, 111.969
1.887, 125.793
1.888, 130.371
1.889, 128.876
1.890, 124.237
1.891, 112.000
1.892, 122.711
1.893, 128.845
1.894, 125.793
1.895, 128.845
1.896, 116.577
1.897, 121.185
1.898, 118.134
1.899, 119.659
1.900, 110.443
1.901, 121.185
1.902, 122.711
1.903, 128.845
1.904, 124.268
1.905, 110.443
1.906, 124.237
1.907, 122.711
1.908, 122.742
1.909, 121.185
1.910, 116.577
1.911, 125.793
1.912, 121.185
1.913, 121.185
1.914, 122.711
1.915, 110.443
1.916, 121.155
1.917, 124.268
1.918, 127.319
1.919, 122.711
1.920, 110.443
1.921, 121.185
1.922, 121.185
1.923, 122.742
1.924, 122.711
1.925, 115.051
1.926, 125.763
1.927, 122.742
1.928, 121.185
1.929, 122.711
1.930, 110.443
1.931, 119.659
1.932, 122.711
1.933, 125.793
1.934, 121.185
1.935, 108.917
1.936, 119.629
1.937, 122.742
1.938, 125.763
1.939, 127.319
1.940, 118.134
1.941, 127.319
1.942, 124.237
1.943, 119.659
1.944, 118.103
1.945, 107.391
1.946, 119.659
1.947, 124.237
1.948, 125.793
1.949, 121.185
1.950, 107.391
1.951, 119.629
1.952, 121.185
1.953, 125.793
1.954, 127.319
1.955, 118.134
1.956, 125.763
1.957, 122.742
1.958, 122.711
1.959, 113.495
1.960, 124.268
1.961, 122.711
1.962, 128.845
1.963, 125.793
1.964, 112.000
1.965, 121.185
1.966, 124.237
1.967, 124.268
1.968, 121.185
1.969, 113.525
1.970, 128.845
1.971, 124.268
1.972, 125.763
1.973, 127.319
1.974, 116.608
1.975, 131.897
1.976, 131.927
1.977, 135.010
1.978, 127.319
1.979, 111.969
1.980, 121.185
1.981, 124.237
1.982, 130.402
1.983, 133.453
1.984, 125.793
1.985, 133.453
1.986, 127.319
1.987, 124.268
1.988, 124.237
1.989, 111.969
1.990, 122.742
1.991, 125.763
1.992, 124.268
1.993, 122.711
1.994, 110.443
1.995, 122.742
1.996, 124.237
1.997, 124.268
1.998, 128.845
1.999, 116.577
2.000, 121.185
2.001, 118.103
2.002, 113.525
2.003, 116.577
2.004, 105.865
2.005, 116.577
2.006, 124.237
2.007, 124.268
2.008, 110.443
2.009, 122.711
2.010, 121.185
2.011, 124.268
2.012, 125.763
2.013, 115.051
2.014, 127.319
2.015, 122.742
2.016, 118.103
2.017, 118.103
2.018, 108.917
2.019, 124.237
2.020, 124.268
2.021, 130.371
2.022, 125.793
2.023, 112.000
2.024, 119.629
2.025, 121.185
2.026, 118.134
2.027, 119.629
2.028, 113.525
2.029, 124.268
2.030, 122.711
2.031, 122.711
2.032, 125.793
2.033, 115.051
2.034, 128.845
2.035, 130.402
2.036, 133.453
2.037, 127.319
2.038, 111.969
2.039, 121.185
2.040, 121.185
2.041, 122.711
2.042, 125.793
2.043, 118.134
2.044, 128.845
2.045, 125.793
2.046, 125.763
2.047, 127.319
2.048, 118.134
2.049, 128.845
2.050, 133.453
2.051, 128.876
2.052, 124.237
2.053, 110.443
2.054, 122.711
2.055, 125.793
2.056, 124.268
2.057, 125.763
2.058, 115.051
2.059, 124.268
2.060, 122.711
2.061, 122.711
2.062, 110.443
2.063, 121.185
2.064, 119.659
2.065, 125.793
2.066, 119.659
2.067, 108.887
2.068, 121.185
2.069, 124.268
2.070, 127.319
2.071, 128.845
2.072, 119.659
2.073, 130.371
2.074, 122.711
2.075, 118.134
2.076, 115.051
2.077, 107.361
2.078, 118.134
2.079, 121.185
2.080, 125.763
2.081, 121.185
2.082, 107.391
2.083, 118.103
2.084, 118.134
2.085, 122.711
2.086, 122.711
2.087, 115.051
2.088, 125.793
2.089, 122.711
2.090, 124.268
2.091, 124.237
2.092, 113.525
2.093, 127.319
2.094, 127.319
2.095, 128.845
2.096, 122.742
2.097, 110.443
2.098, 118.103
2.099, 121.185
2.100, 127.319
2.101, 130.402
2.102, 119.629
2.103, 128.876
2.104, 125.763
2.105, 125.793
2.106, 127.319
2.107, 118.134
2.108, 130.371
2.109, 133.453
2.110, 128.876
2.111, 113.495
2.112, 118.134
2.113, 119.659
2.114, 122.711
2.115, 124.237
2.116, 118.134
2.117, 130.371
2.118, 122.711
2.119, 119.659
2.120, 118.134
2.121, 110.443
2.122, 124.268
2.123, 125.793
2.124, 127.319
2.125, 125.763
2.126, 113.525
2.127, 128.845
2.128, 131.927
2.129, 133.453
2.130, 131.927
2.131, 122.711
2.132, 130.402
2.133, 127.319
2.134, 122.711
2.135, 122.711
2.136, 113.525
2.137, 127.319
2.138, 131.927
2.139, 127.319
2.140, 125.793
2.141, 111.969
2.142, 124.268
2.143, 122.711
2.144, 121.185
2.145, 124.237
2.146, 113.525
2.147, 119.659
2.148, 116.577
2.149, 116.577
2.150, 121.185
2.151, 111.969
2.152, 125.793
2.153, 130.402
2.154, 125.793
2.155, 121.155
2.156, 110.474
2.157, 122.711
2.158, 125.793
2.159, 124.237
2.160, 115.051
2.161, 124.268
2.162, 122.711
2.163, 122.711
2.164, 125.793
2.165, 111.969
2.166, 122.711
2.167, 124.268
2.168, 127.319
2.169, 122.711
2.170, 107.391
2.171, 113.495
2.172, 113.525
2.173, 115.051
2.174, 116.577
2.175, 113.495
2.176, 125.793
2.177, 122.711
2.178, 121.185
2.179, 124.268
2.180, 113.525
2.181, 121.155
2.182, 122.742
2.183, 125.763
2.184, 119.659
2.185, 107.391
2.186, 119.629
2.187, 118.134
2.188, 119.659
2.189, 122.711
2.190, 116.577
2.191, 127.319
2.192, 121.185
2.193, 121.185
2.194, 119.659
2.195, 113.495
2.196, 122.742
2.197, 122.711
2.198, 125.793
2.199, 122.711
2.200, 111.969
2.201, 124.268
2.202, 125.793
2.203, 127.319
2.204, 115.021
2.205, 130.402
2.206, 125.793
2.207, 118.103
2.208, 113.525
2.209, 101.227
2.210, 112.000
2.211, 115.051
2.212, 119.629
2.213, 125.793
2.214, 110.443
2.215, 119.659
2.216, 118.103
2.217, 119.659
2.218, 125.793
2.219, 115.051
2.220, 128.845
2.221, 127.319
2.222, 124.268
2.223, 122.711
2.224, 110.443
2.225, 121.216
2.226, 118.103
2.227, 122.711
2.228, 124.268
2.229, 110.443
2.230, 118.103
2.231, 116.608
2.232, 121.155
2.233, 124.268
2.234, 111.969
2.235, 128.876
2.236, 128.845
2.237, 121.185
2.238, 119.659
2.239, 110.443
2.240, 122.711
2.241, 125.793
2.242, 128.845
2.243, 118.134
2.244, 124.237
2.245, 122.711
2.246, 124.268
2.247, 122.711
2.248, 111.969
2.249, 122.742
2.250, 127.319
2.251, 122.711
2.252, 119.659
2.253, 110.443
2.254, 124.237
2.255, 122.711
2.256, 121.185
2.257, 124.268
2.258, 113.525
2.259, 119.629
2.260, 119.659
2.261, 119.659
2.262, 116.577
2.263, 105.835
2.264, 121.185
2.265, 125.793
2.266, 121.185
2.267, 115.051
2.268, 102.783
2.269, 116.577
2.270, 119.659
2.271, 122.711
2.272, 125.763
2.273, 116.608
2.274, 122.711
2.275, 116.577
2.276, 116.577
2.277, 118.103
2.278, 108.917
2.279, 119.659
2.280, 124.237
2.281, 122.742
2.282, 119.629
2.283, 110.443
2.284, 122.742
2.285, 125.763
2.286, 125.793
2.287, 113.525
2.288, 127.319
2.289, 119.659
2.290, 115.021
2.291, 110.474
2.292, 104.309
2.293, 121.185
2.294, 124.237
2.295, 130.402
2.296, 130.371
2.297, 112.000
2.298, 119.629
2.299, 119.659
2.300, 124.268
2.301, 124.237
2.302, 113.525
2.303, 127.319
2.304, 121.185
2.305, 118.103
2.306, 121.185
2.307, 113.525
2.308, 127.319
2.309, 128.845
2.310, 130.402
2.311, 127.319
2.312, 111.969
2.313, 122.711
2.314, 122.742
2.315, 122.711
2.316, 121.185
2.317, 115.051
2.318, 125.763
2.319, 119.659
2.320, 122.711
2.321, 124.268
2.322, 115.051
2.323, 122.711
2.324, 124.268
2.325, 125.763
2.326, 110.443
2.327, 116.608
2.328, 113.495
2.329, 118.134
2.330, 124.268
2.331, 116.577
2.332, 130.402
2.333, 128.845
2.334, 125.793
2.335, 125.763
2.336, 115.051
2.337, 128.876
2.338, 125.763
2.339, 130.402
2.340, 128.845
2.341, 112.000
2.342, 124.237
2.343, 124.268
2.344, 122.711
2.345, 122.711
2.346, 111.969
2.347, 127.350
2.348, 122.711
2.349, 119.629
2.350, 118.134
2.351, 107.361
2.352, 118.134
2.353, 116.577
2.354, 122.711
2.355, 122.742
2.356, 107.361
2.357, 115.051
2.358, 110.443
2.359, 113.525
2.360, 113.495
2.361, 105.865
2.362, 122.711
2.363, 119.659
2.364, 115.051
2.365, 115.051
2.366, 105.835
2.367, 118.103
2.368, 119.659
2.369, 121.185
2.370, 115.051
2.371, 121.185
2.372, 121.185
2.373, 119.659
2.374, 121.185
2.375, 110.443
2.376, 119.629
2.377, 124.268
2.378, 124.237
2.379, 119.659
2.380, 105.835
2.381, 115.051
2.382, 118.103
2.383, 116.608
2.384, 118.103
2.385, 110.443
2.386, 119.659
2.387, 116.577
2.388, 113.525
2.389, 118.103
2.390, 108.917
2.391, 116.577
2.392, 119.659
2.393, 122.711
2.394, 118.103
2.395, 104.340
2.396, 108.887
2.397, 107.391
2.398, 110.443
2.399, 110.443
2.400, 102.783
2.401, 122.711
2.402, 118.134
2.403, 116.577
2.404, 116.577
2.405, 107.391
2.406, 121.185
2.407, 124.237
2.408, 127.319
2.409, 125.793
2.410, 111.969
2.411, 119.659
2.412, 118.103
2.413, 122.742
2.414, 125.763
2.415, 115.051
2.416, 131.927
2.417, 125.793
2.418, 122.711
2.419, 112.000
2.420, 121.185
2.421, 119.629
2.422, 118.134
2.423, 122.711
2.424, 110.443
2.425, 119.659
2.426, 118.103
2.427, 121.185
2.428, 125.793
2.429, 113.525
2.430, 127.319
2.431, 128.845
2.432, 124.237
2.433, 119.659
2.434, 108.917
2.435, 121.185
2.436, 124.237
2.437, 127.319
2.438, 130.402
2.439, 118.103
2.440, 125.793
2.441, 124.237
2.442, 124.268
2.443, 124.237
2.444, 112.000
2.445, 125.763
2.446, 125.793
2.447, 121.185
2.448, 116.577
2.449, 108.917
2.450, 121.185
2.451, 122.711
2.452, 122.742
2.453, 127.319
2.454, 113.495
2.455, 118.134
2.456, 113.495
2.457, 118.134
2.458, 121.185
2.459, 113.525
2.460, 127.319
2.461, 127.319
2.462, 124.237
2.463, 121.185
2.464, 110.443
2.465, 121.185
2.466, 121.185
2.467, 124.268
2.468, 128.845
2.469, 113.525
2.470, 118.103
2.471, 118.103
2.472, 119.659
2.473, 113.525
2.474, 127.319
2.475, 128.845
2.476, 128.845
2.477, 124.268
2.478, 111.969
2.479, 122.742
2.480, 122.711
2.481, 122.711
2.482, 121.185
2.483, 113.525
2.484, 121.185
2.485, 119.629
2.486, 121.185
2.487, 125.824
2.488, 118.103
2.489, 125.793
2.490, 128.845
2.491, 127.319
2.492, 121.185
2.493, 104.309
2.494, 115.051
2.495, 115.051
2.496, 116.577
2.497, 118.134
2.498, 113.495
2.499, 121.185
2.500, 115.051
2.501, 110.443
2.502, 108.917
2.503, 101.257
2.504, 110.443
2.505, 115.051
2.506, 118.103
2.507, 116.577
2.508, 104.309
2.509, 116.608
2.510, 119.629
2.511, 124.268
2.512, 124.237
2.513, 115.051
2.514, 127.319
2.515, 121.185
2.516, 118.134
2.517, 107.361
2.518, 121.185
2.519, 124.268
2.520, 124.237
2.521, 128.876
2.522, 111.969
2.523, 118.103
2.524, 118.134
2.525, 116.577
2.526, 121.185
2.527, 108.917
2.528, 124.237
2.529, 124.268
2.530, 119.659
2.531, 118.103
2.532, 107.391
2.533, 119.629
2.534, 119.659
2.535, 118.103
2.536, 122.742
2.537, 108.917
2.538, 113.495
2.539, 108.917
2.540, 104.309
2.541, 110.443
2.542, 101.227
2.543, 110.443
2.544, 118.134
2.545, 118.103
2.546, 115.051
2.547, 102.783
2.548, 113.525
2.549, 113.495
2.550, 116.577
2.551, 121.185
2.552, 113.525
2.553, 121.185
2.554, 113.525
2.555, 110.443
2.556, 108.917
2.557, 104.309
2.558, 119.629
2.559, 122.742
2.560, 127.319
2.561, 121.185
2.562, 107.361
2.563, 115.051
2.564, 116.577
2.565, 121.185
2.566, 122.742
2.567, 113.495
2.568, 122.711
2.569, 121.185
2.570, 121.185
2.571, 122.742
2.572, 111.969
2.573, 124.237
2.574, 124.268
2.575, 127.319
2.576, 110.443
2.577, 116.577
2.578, 112.000
2.579, 111.969
2.580, 115.051
2.581, 105.835
2.582, 122.742
2.583, 127.319
2.584, 122.711
2.585, 115.051
2.586, 101.227
2.587, 112.000
2.588, 113.495
2.589, 115.051
2.590, 119.659
2.591, 110.443
2.592, 116.577
2.593, 115.051
2.594, 116.577
2.595, 119.690
2.596, 110.443
2.597, 119.629
2.598, 122.742
2.599, 122.711
2.600, 118.103
2.601, 107.391
2.602, 119.659
2.603, 124.237
2.604, 125.793
2.605, 130.371
2.606, 118.134
2.607, 124.237
2.608, 122.742
2.609, 121.185
2.610, 122.711
2.611, 111.969
2.612, 121.185
2.613, 125.793
2.614, 122.711
2.615, 119.659
2.616, 110.443
2.617, 124.268
2.618, 124.237
2.619, 121.185
2.620, 124.268
2.621, 113.495
2.622, 121.185
2.623, 118.134
2.624, 121.185
2.625, 124.237
2.626, 115.051
2.627, 124.237
2.628, 128.876
2.629, 124.237
2.630, 122.742
2.631, 113.495
2.632, 125.793
2.633, 125.793
2.634, 122.711
2.635, 116.577
2.636, 125.793
2.637, 118.103
2.638, 115.051
2.639, 113.525
2.640, 105.835
2.641, 119.659
2.642, 122.711
2.643, 128.845
2.644, 122.742
2.645, 108.917
2.646, 115.021
2.647, 116.577
2.648, 121.185
2.649, 118.134
2.650, 111.969
2.651, 124.237
2.652, 119.659
2.653, 119.659
2.654, 119.659
2.655, 113.495
2.656, 125.793
2.657, 124.268
2.658, 125.763
2.659, 122.742
2.660, 108.887
2.661, 119.659
2.662, 122.711
2.663, 125.793
2.664, 124.268
2.665, 116.577
2.666, 127.319
2.667, 122.711
2.668, 122.711
2.669, 124.268
2.670, 113.495
2.671, 121.185
2.672, 122.742
2.673, 124.237
2.674, 119.659
2.675, 108.917
2.676, 118.103
2.677, 118.134
2.678, 118.103
2.679, 121.185
2.680, 115.051
2.681, 125.793
2.682, 119.629
2.683, 115.051
2.684, 113.525
2.685, 105.835
2.686, 116.577
2.687, 118.134
2.688, 124.237
2.689, 119.659
2.690, 108.917
2.691, 119.659
2.692, 116.577
2.693, 118.103
2.694, 116.577
2.695, 108.917
2.696, 121.185
2.697, 116.577
2.698, 112.000
2.699, 102.783
2.700, 101.227
2.701, 134.979
2.702, 124.268
2.703, 125.763
2.704, 115.051
2.705, 121.185
2.706, 118.134
2.707, 116.577
2.708, 119.659
2.709, 108.887
2.710, 119.659
2.711, 125.793
2.712, 119.659
2.713, 118.103
2.714, 107.391
2.715, 122.711
2.716, 124.237
2.717, 124.268
2.718, 124.237
2.719, 113.525
2.720, 121.185
2.721, 116.577
2.722, 118.134
2.723, 119.629
2.724, 112.000
2.725, 122.711
2.726, 127.319
2.727, 122.711
2.728, 118.134
2.729, 102.753
2.730, 112.000
2.731, 115.051
2.732, 116.577
2.733, 121.185
2.734, 113.525
2.735, 119.629
2.736, 119.659
2.737, 118.103
2.738, 119.659
2.739, 107.391
2.740, 116.577
2.741, 122.711
2.742, 121.185
2.743, 116.577
2.744, 101.257
2.745, 108.917
2.746, 110.443
2.747, 118.103
2.748, 121.185
2.749, 113.525
2.750, 124.237
2.751, 119.659
2.752, 118.103
2.753, 121.185
2.754, 112.000
2.755, 127.319
2.756, 130.402
2.757, 130.402
2.758, 124.237
2.759, 105.835
2.760, 118.134
2.761, 119.659
2.762, 119.629
2.763, 108.917
2.764, 122.711
2.765, 121.185
2.766, 116.577
2.767, 115.051
2.768, 102.783
2.769, 116.577
2.770, 116.608
2.771, 118.103
2.772, 122.711
2.773, 108.917
2.774, 118.134
2.775, 119.629
2.776, 118.134
2.777, 119.629
2.778, 107.391
2.779, 121.185
2.780, 121.185
2.781, 118.103
2.782, 113.525
2.783, 102.783
2.784, 119.629
2.785, 125.793
2.786, 122.711
2.787, 125.793
2.788, 113.525
2.789, 118.103
2.790, 116.608
2.791, 118.103
2.792, 122.711
2.793, 113.525
2.794, 125.793
2.795, 128.845
2.796, 124.237
2.797, 121.185
2.798, 112.000
2.799, 124.237
2.800, 127.319
2.801, 125.793
2.802, 128.845
2.803, 112.000
2.804, 121.185
2.805, 116.577
2.806, 111.969
2.807, 113.525
2.808, 104.309
2.809, 119.629
2.810, 125.793
2.811, 122.711
2.812, 108.917
2.813, 121.185
2.814, 125.793
2.815, 128.845
2.816, 127.319
2.817, 115.051
2.818, 124.268
2.819, 121.185
2.820, 122.711
2.821, 124.237
2.822, 115.051
2.823, 125.793
2.824, 128.845
2.825, 130.402
2.826, 124.237
2.827, 110.474
2.828, 119.629
2.829, 119.659
2.830, 121.185
2.831, 124.237
2.832, 116.608
2.833, 125.763
2.834, 121.185
2.835, 119.659
2.836, 124.268
2.837, 115.021
2.838, 125.793
2.839, 125.793
2.840, 124.237
2.841, 119.659
2.842, 107.391
2.843, 121.185
2.844, 124.237
2.845, 124.268
2.846, 122.711
2.847, 115.051
2.848, 121.185
2.849, 119.659
2.850, 119.629
2.851, 122.742
2.852, 116.577
2.853, 128.845
2.854, 130.402
2.855, 128.845
2.856, 111.969
2.857, 122.742
2.858, 113.495
2.859, 135.010
2.860, 124.268
2.861, 113.495
2.862, 127.319
2.863, 119.659
2.864, 116.577
2.865, 113.525
2.866, 102.783
2.867, 118.103
2.868, 122.711
2.869, 127.319
2.870, 125.793
2.871, 108.917
2.872, 116.577
2.873, 119.659
2.874, 121.185
2.875, 122.711
2.876, 111.969
2.877, 125.793
2.878, 119.659
2.879, 119.659
2.880, 121.185
2.881, 110.443
2.882, 119.629
2.883, 118.134
2.884, 122.711
2.885, 119.659
2.886, 105.835
2.887, 115.051
2.888, 113.525
2.889, 115.051
2.890, 115.021
2.891, 104.340
2.892, 121.185
2.893, 116.577
2.894, 113.495
2.895, 116.608
2.896, 105.835
2.897, 119.659
2.898, 121.185
2.899, 122.711
2.900, 124.237
2.901, 107.391
2.902, 111.969
2.903, 112.000
2.904, 115.051
2.905, 108.887
2.906, 119.659
2.907, 122.711
2.908, 124.268
2.909, 118.103
2.910, 105.865
2.911, 115.021
2.912, 116.577
2.913, 119.659
2.914, 121.185
2.915, 113.525
2.916, 122.711
2.917, 118.103
2.918, 119.659
2.919, 121.185
2.920, 115.051
2.921, 125.793
2.922, 125.763
2.923, 125.793
2.924, 119.659
2.925, 102.783
2.926, 111.969
