0.007, -0.0484, 0.0403, 0.0081
0.013, -0.2256, 0.0645, 0.1612
0.019, 0.2136, 0.1370, -0.3505
0.026, 0.0806, -0.0766, -0.0040
0.032, 0.0524, -0.1612, 0.1088
0.038, -0.2861, -0.0040, 0.2901
0.044, -0.0806, -0.0564, 0.1370
0.051, -0.1128, 0.1612, -0.0484
0.057, 0.1974, 0.1692, -0.3667
0.063, -0.0604, -0.1088, 0.1692
0.069, 0.1491, -0.0443, -0.1048
0.076, 0.0967, 0.0443, -0.1410
0.082, -0.1007, -0.0363, 0.1370
0.088, 0.1974, -0.0685, -0.1289
0.094, 0.1773, 0.1652, -0.3425
0.101, -0.0806, 0.0242, 0.0564
0.107, 0.0121, -0.0201, 0.0081
0.113, 0.0282, 0.0927, -0.1209
0.119, -0.1652, 0.0524, 0.1128
0.126, -0.2297, 0.0161, 0.2136
0.132, 0.1451, 0.1612, -0.3062
0.138, -0.2136, 0.0161, 0.1974
0.144, -0.1007, -0.1612, -0.1612
0.151, 0.2055, 0.0484, -0.2538
0.157, 0.0161, -0.0645, 0.0484
0.163, -0.0524, 0.1289, -0.0766
0.169, 0.2418, 0.2579, -0.4996
0.176, 0.0927, 0.1451, -0.2377
0.182, -0.3183, -0.0282, 0.3465
0.188, -0.1289, -0.0886, 0.2176
0.194, 0.0040, 0.1330, -0.1370
0.201, -0.1410, -0.1813, 0.3223
0.207, 0.0967, -0.3425, 0.2458
0.213, 0.1330, -0.0524, -0.0806
0.219, -0.4755, -0.4432, 0.9187
0.226, 0.0645, 0.0040, -0.0685
0.232, 0.1773, 0.0604, -0.2377
0.238, 0.0685, 0.1330, -0.2015
0.244, 0.3908, -0.0604, -0.3304
0.251, -0.1531, 0.0363, 0.1169
0.257, 0.1088, -0.1007, -0.0081
0.263, -0.2619, 0.1370, 0.1249
0.269, 0.4755, 0.7777, -1.2531
0.276, -0.1209, -0.0766, 0.1974
0.282, -0.0685, -0.0121, 0.0806
0.288, -0.0040, -0.1491, 0.1531
0.294, -0.3022, -0.1128, 0.4150
0.301, -0.0725, -0.1934, 0.2659
0.307, 0.2700, -0.1531, -0.1168
0.313, 0.1169, 0.0443, -0.1612
0.319, 0.3183, -0.0443, -0.2740
0.326, 0.1853, 0.0282, -0.2136
0.332, 0.0040, -0.0685, 0.0645
0.338, 0.0403, 0.1813, -0.2216
0.344, 0.2861, 0.1612, -0.4473
0.351, 0.0725, -0.5158, 0.4432
0.357, -0.3788, -0.0645, 0.4432
0.363, -0.1370, -0.1330, 0.2700
0.369, -0.2740, 0.0766, 0.1974
0.376, 0.1128, -0.0967, -0.0161
0.382, -0.1571, 0.0967, 0.0604
0.388, -0.1289, -0.1531, 0.2821
0.394, -0.1773, -0.3264, 0.5037
0.401, 0.1289, 0.1330, -0.2619
0.407, 0.2418, -0.0040, -0.2377
0.413, 0.0645, 0.0040, -0.0685
0.419, 0.2176, 0.0242, -0.2418
0.426, 0.1128, 0.2458, -0.3586
0.432, -0.1410, -0.2619, 0.4029
0.438, -0.0604, -0.2498, 0.3103
0.444, -0.0484, 0.1894, -0.1410
0.451, 0.1249, 0.0564, -0.1813
0.457, 0.2579, 0.2055, -0.4634
0.463, 0.4029, 0.0040, -0.4070
0.469, -0.1370, -0.1451, 0.2821
0.476, 0.0927, -0.0443, -0.0484
0.482, 0.0403, 0.0806, -0.1209
0.488, 0.1894, 0.2095, -0.3989
0.494, 0.1128, -0.0282, -0.0846
0.501, -0.0645, 0.1894, -0.1249
0.507, 0.0604, -0.1571, 0.0967
0.513, -0.1773, -0.0484, 0.2256
0.519, 0.2015, 0.1451, -0.3465
0.526, 0.1692, -0.0403, -0.1289
0.532, 0.1612, 0.0363, -0.1974
0.538, -0.0443, -0.3385, 0.3828
0.544, -0.1249, 0.0161, 0.1088
0.551, 0.0040, -0.1733, 0.1692
0.557, 0.1048, 0.0403, -0.1451
0.563, 0.3667, 0.2700, -0.6366
0.569, 0.1894, -0.0927, -0.0967
0.576, 0.2700, 0.2740, -0.5440
0.582, 0.8381, 0.9509, -1.7890
0.588, 0.0000, 0.3344, -0.3344
0.594, 0.2297, 0.2095, -0.4392
0.601, -0.0927, 0.0524, 0.0403
0.607, 0.1289, -0.0363, -0.0927
0.613, -0.1813, -0.2458, 0.4271
0.619, 0.4755, 0.2337, -0.7092
0.626, 0.1692, 0.1612, -0.3304
0.632, 0.1491, 0.1531, -0.3022
0.638, 0.2297, -0.0403, -0.1894
0.644, -0.2015, -0.1612, 0.3626
0.651, 0.2941, 0.0403, -0.3344
0.657, -0.0443, 0.0886, -0.0443
0.663, 0.1491, 0.3989, -0.5480
0.669, 0.1612, 0.0403, -0.2015
0.676, -0.1451, 0.2418, -0.0967
0.682, -0.0201, -0.3062, 0.3264
0.688, -0.1289, -0.0927, 0.2216
0.694, -0.1934, -0.1088, 0.3022
0.701, 0.9227, 1.1242, -2.0469
0.707, 0.3828, 0.4029, -0.7857
0.713, 0.1007, -0.0685, -0.0322
0.719, -0.3667, 0.0685, 0.2982
0.726, 0.0967, -0.2538, 0.1571
0.732, -0.0604, 0.1088, -0.0484
0.738, 0.1773, -0.0242, -0.1531
0.751, -0.1169, 0.0242, 0.0927
0.757, -0.0645, 0.0121, 0.0524
0.763, -0.0403, 0.0564, -0.0161
0.769, 0.3546, 0.0484, -0.4029
0.776, -0.0201, 0.1813, -0.1612
0.782, 0.3022, 0.0403, -0.3425
0.788, -0.0403, -0.1853, 0.2256
0.794, -0.1652, 0.1370, 0.0282
0.801, 0.0524, -0.1692, 0.1168
0.807, 0.0645, 0.1370, -0.2015
0.813, 0.2941, 0.1571, -0.4513
0.819, 0.2136, 0.1773, -0.3908
0.826, 0.0363, -0.0645, 0.0282
0.832, -0.1007, -0.1007, 0.2015
0.838, 0.1249, 0.1330, -0.2579
0.844, 0.3707, -0.0363, -0.3344
0.851, 0.0766, 0.3667, -0.4432
0.857, 0.2458, -0.2256, -0.0201
0.863, -0.0886, -0.0363, 0.1249
0.869, 0.1853, 0.3425, -0.5278
0.876, 0.1088, -0.1168, 0.0081
0.882, 0.1491, 0.2055, -0.3546
0.888, 0.0040, -0.1773, 0.1733
0.894, -0.2619, 0.1209, 0.1410
0.901, 0.0161, -0.1652, 0.1491
0.907, 0.0282, 0.2941, -0.3223
0.913, 0.3304, 0.2176, -0.5480
0.919, 0.0484, -0.1330, 0.0846
0.926, 0.2055, 0.2498, -0.4553
0.932, -0.1330, -0.3385, 0.4714
0.938, -0.1853, 0.0201, 0.1652
0.944, 0.0806, -0.0685, -0.0121
0.951, -0.2458, 0.0161, 0.2297
0.957, 0.0927, -0.1612, 0.0685
0.963, -0.0121, -0.1692, 0.1813
0.969, -0.1410, -0.2176, 0.3586
0.976, -0.0524, 0.0242, 0.0282
0.982, 0.1330, 0.1370, -0.2700
0.988, 0.3747, -0.0604, -0.3143
0.994, 0.1612, -0.0564, -0.1048
1.001, 0.0685, 0.0725, -0.1410
1.007, 0.1733, -0.0886, -0.0846
1.013, 0.1733, 0.3707, -0.5440
1.019, 0.0484, 0.1007, -0.1491
1.026, -0.0846, 0.1773, -0.0927
1.032, -0.0322, -0.1209, 0.1531
1.038, -0.2780, 0.3546, -0.0766
1.044, -0.1612, -0.1007, 0.2619
1.051, -0.0766, -0.1491, 0.2256
1.057, 0.3385, 0.0967, -0.4352
1.063, 0.2297, -0.2498, 0.0201
1.069, 0.0121, 0.1571, -0.1692
1.076, 0.0484, -0.3425, 0.2941
1.082, 0.2015, 0.1813, -0.3828
1.088, 0.4311, 0.2619, -0.6930
1.094, 0.2619, 0.1813, -0.4432
1.101, 0.2740, 0.1169, -0.3908
1.107, -0.0725, -0.1249, 0.1974
1.113, -0.2337, 0.3465, -0.1128
1.119, -0.0725, 0.0725, 0.0000
1.126, -0.1330, -0.1289, 0.2619
1.132, 0.3747, 0.1007, -0.4755
1.138, 0.0484, -0.1209, 0.0725
1.144, 0.0282, -0.1169, 0.0886
1.151, -0.1007, -0.4271, 0.5278
1.157, 0.1974, 0.0121, -0.2095
1.163, 0.4593, -0.0725, -0.3868
1.169, 0.1007, 0.0161, -0.1168
1.176, 0.1491, -0.1531, 0.0040
1.182, -0.1733, -0.0766, 0.2498
1.188, 0.0685, 0.2901, -0.3586
1.194, -0.0363, 0.0846, -0.0484
1.201, -0.0685, 0.3223, -0.2538
1.207, -0.0604, -0.0685, 0.1289
1.213, -0.2458, -0.1974, 0.4432
1.219, -0.2055, -0.1168, 0.3223
1.226, -0.0161, -0.2095, 0.2256
1.232, 0.1370, 0.3143, -0.4513
1.238, 0.2579, 0.2377, -0.4956
1.244, -0.1813, -0.0201, 0.2015
1.251, 0.3062, 0.1048, -0.4110
1.257, -0.0645, -0.0443, 0.1088
1.263, -0.1491, -0.2941, 0.4432
1.269, 0.2418, 0.1894, -0.4311
1.276, 0.1652, 0.1289, -0.2941
1.282, -0.1007, -0.3344, 0.4352
1.288, -0.0363, -0.1974, 0.2337
1.294, 0.0886, -0.0886, 0.0000
1.301, -0.5480, -0.0443, 0.5923
1.307, 0.3908, 0.1209, -0.5117
1.313, 0.2579, 0.0524, -0.3103
1.319, 0.2821, 0.1168, -0.3989
1.326, 0.1289, -0.0725, -0.0564
1.332, 0.0363, 0.3908, -0.4271
1.338, 0.1974, 0.1451, -0.3425
1.344, 0.0806, 0.0524, -0.1330
1.351, 0.1773, 0.1974, -0.3747
1.357, -0.2579, -0.0645, 0.3223
1.363, -0.1894, -0.0201, 0.2095
1.369, 0.1410, -0.0564, -0.0846
1.376, -0.1289, -0.0282, 0.2861
1.382, 0.4231, -0.0121, -0.4110
1.388, -0.0081, -0.1813, 0.1894
1.394, -0.1168, -0.2337, 0.3505
1.401, -0.0604, -0.2136, 0.2740
1.407, 0.3264, 0.2740, -0.6004
1.413, 0.1209, 0.1410, -0.2619
1.419, -0.0484, 0.0846, -0.0363
1.426, 0.2256, 0.0443, -0.2700
1.432, -0.0645, 0.2176, -0.1531
1.438, 0.0685, 0.1209, -0.1894
1.444, 0.1692, 0.0766, -0.2458
1.451, 0.2982, 0.2055, -0.5037
1.457, -0.5641, -0.4392, 1.0033
1.463, -0.0040, -0.1048, 0.1088
1.469, 0.2579, 0.1934, -0.4513
1.482, 0.1531, -0.2216, 0.0685
1.488, -0.0967, -0.1128, 0.2095
1.494, -0.1048, -0.1289, 0.2337
1.501, 0.2176, 0.0685, -0.2861
1.507, -0.1531, -0.0443, 0.1974
1.513, 0.1652, -0.0081, -0.1571
1.519, 0.2700, 0.1330, -0.4029
1.526, 0.1773, 0.2176, -0.3949
1.532, -0.1249, -0.1289, 0.2538
1.538, -0.0685, 0.0645, 0.0040
1.544, 0.0886, 0.1531, -0.2418
1.551, -0.0484, 0.0040, 0.0443
1.557, 0.2538, 0.2256, -0.4795
1.563, -0.1370, -0.0121, 0.1491
1.569, -0.0766, -0.0886, 0.1652
1.576, -0.2861, -0.2780, 0.5641
1.582, 0.1571, 0.0645, -0.2216
1.588, 0.2297, 0.2256, -0.4553
1.594, 0.1491, -0.0403, -0.1088
1.601, 0.4352, -0.0040, -0.4311
1.607, -0.1249, -0.0403, 0.1652
1.613, 0.0443, 0.0524, -0.0967
1.619, 0.0645, -0.0443, -0.0201
1.626, -0.0725, -0.0524, 0.1249
1.632, 0.2337, 0.3989, -0.6326
1.638, -0.2458, -0.0363, 0.2821
1.644, 0.0363, 0.0806, -0.1168
1.651, -0.2619, 0.0000, 0.2619
1.657, 0.1612, 0.0725, -0.2337
1.663, 0.0524, -0.1612, 0.1088
1.669, -0.1692, -0.0484, 0.2176
1.676, 0.0040, -0.2216, 0.2176
1.682, -0.0725, 0.1128, -0.0403
1.688, 0.3828, 0.1249, -0.5077
1.694, 0.1410, 0.2015, -0.3425
1.701, 0.2901, -0.0040, -0.2861
1.707, -0.0282, 0.0121, 0.0161
1.713, -0.0685, -0.0524, 0.1209
1.719, 0.1451, 0.2136, -0.3586
1.726, -0.0564, 0.0725, -0.0161
1.732, 0.4996, 0.2176, -0.7172
1.738, -0.2619, -0.1209, 0.3828
1.744, -0.1853, 0.0363, 0.1491
1.751, -0.0685, -0.0484, 0.1169
1.757, 0.0282, 0.0363, -0.0645
1.763, 0.1571, 0.1652, -0.3223
1.769, -0.0484, -0.0766, 0.1249
1.776, 0.1773, 0.0886, -0.2659
1.782, -0.2619, -0.1088, 0.3707
1.788, -0.0524, 0.0403, 0.0121
1.794, 0.1612, 0.1612, -0.3223
1.801, -0.2055, 0.0886, 0.1168
1.807, 0.2095, -0.1773, -0.0322
1.813, -0.1813, -0.1370, 0.3183
1.819, -0.0403, -0.2659, 0.3062
1.826, -0.0806, 0.0484, 0.0322
1.832, 0.2659, 0.1169, -0.3828
1.838, 0.2095, 0.0443, -0.2538
1.844, -0.0967, -0.1169, 0.2136
1.851, 0.2982, -0.0645, -0.2337
1.857, -0.2538, 0.1289, 0.1249
1.863, 0.0927, 0.1209, -0.2136
1.869, 0.1169, -0.8542, 0.7374
1.876, -0.0242, -0.0927, 0.1168
1.882, -0.0201, -0.0927, 0.1128
1.888, 0.0484, 0.1410, -0.1894
1.894, 0.2095, 0.1733, -0.3828
1.901, 0.1088, 0.0081, -0.1168
1.907, 0.3344, -0.1370, -0.1974
1.913, 0.0725, 0.1894, -0.2619
1.919, 0.0604, -0.1612, 0.1007
1.926, -0.0604, -0.0766, 0.1370
1.932, 0.1612, 0.2297, -0.3908
1.938, 0.1571, 0.0886, -0.2458
1.944, 0.2095, 0.3989, -0.6084
1.951, 0.0967, -0.0363, -0.0604
1.957, -0.1733, 0.0967, 0.0766
1.963, -0.0363, 0.1249, -0.0886
1.969, 0.0645, 0.2297, -0.2941
1.976, 0.1733, 0.3344, -0.5077
1.982, 0.1451, -0.1289, -0.0161
1.988, -0.1169, -0.0725, 0.1894
1.994, 0.2377, 0.0645, -0.3022
2.001, -0.0363, -0.0040, 0.0403
2.007, 0.1813, 0.0766, -0.2579
2.013, 0.0806, -0.0806, 0.0000
2.019, 0.0484, -0.0363, -0.0121
2.026, 0.0282, -0.2498, 0.2216
2.032, -0.0282, 0.2377, -0.1128
2.038, 0.1853, 0.0282, -0.2136
2.044, -0.0121, 0.0766, -0.0645
2.051, -0.1249, -0.1451, 0.2700
2.057, -0.1652, -0.1531, 0.3183
2.063, -0.0806, -0.0040, 0.0846
2.069, -0.0604, -0.0242, 0.0846
2.076, -0.0363, -0.0967, 0.1330
2.082, 0.3103, 0.0846, -0.3949
2.088, -0.1894, -0.0201, 0.2095
2.094, -0.0725, -0.0927, 0.1652
2.101, 0.0201, 0.0040, -0.0242
2.107, 0.1773, -0.7938, 0.6165
2.113, 0.1410, -0.1249, -0.0161
2.119, 0.2418, -0.0040, -0.2377
2.126, -0.0604, -0.2297, 0.2901
2.132, -0.2538, 0.0685, 0.1853
2.138, 0.2418, 0.1168, -0.3586
2.144, -0.0645, 0.0121, 0.0524
2.151, 0.3223, 0.5399, -0.8623
2.157, -0.2095, -0.3788, 0.5883
2.163, -0.0443, 0.2700, -0.2256
2.169, -0.1128, -0.0161, 0.1289
2.176, -0.2941, 0.0564, 0.2377
2.182, 0.2740, 0.0121, -0.2861
2.188, -0.0081, 0.0484, -0.0403
2.194, 0.2901, -0.0766, -0.2136
2.201, -0.0725, -0.2579, 0.3304
2.207, -0.3788, -0.0363, 0.4150
2.219, -0.0282, 0.0242, 0.0040
2.226, -0.0081, 0.0403, -0.0322
2.232, -0.1451, -0.1410, 0.2861
2.238, -0.0927, -0.0564, 0.1491
2.244, 0.0040, 0.2176, -0.2216
2.251, 0.0967, -0.0161, -0.0806
2.257, 0.0645, 0.1209, -0.1853
2.263, -0.2095, 0.0403, 0.1692
2.269, -0.1370, -0.3828, 0.5198
2.276, -0.3385, 0.1088, 0.2297
2.282, 0.2740, 0.2579, -0.5319
2.288, 1.1040, 1.0516, -2.1557
2.294, 0.2256, 0.0403, -0.2659
2.301, 0.1733, 0.0524, -0.2256
2.307, -0.1974, 0.1813, 0.0161
2.313, -0.1048, 0.0000, 0.1048
2.319, 0.0927, 0.1209, -0.2136
2.326, 0.1491, -0.0725, -0.0766
2.332, -0.3304, -0.3868, 0.7172
2.338, 0.0040, -0.1088, 0.1048
2.344, -0.1571, -0.1894, 0.3465
2.351, -0.2095, -0.3505, 0.5601
2.357, 0.5077, -0.0725, -0.4352
2.363, 0.0484, -0.0685, 0.0201
2.369, 0.3304, 0.0040, -0.3344
2.376, 0.1773, 0.2136, -0.3908
2.382, 0.0040, -0.0484, 0.0443
2.388, 0.0322, -0.1370, 0.1048
2.394, 0.1813, 0.0967, -0.2780
2.401, -0.3949, 0.1692, 0.2256
2.407, -0.2821, -0.0484, 0.3304
2.413, -0.0443, -0.1491, 0.1934
2.419, -0.2256, -0.0161, 0.2418
2.426, -0.2821, -0.1692, 0.4513
2.432, 0.2700, -0.0725, -0.1974
2.438, 0.2377, 0.0967, -0.3344
2.444, -0.0604, -0.1128, 0.1733
2.451, -0.0725, -0.1128, 0.1853
2.457, 0.2176, -0.0040, -0.2136
2.463, 0.1853, 0.1451, -0.3304
2.469, 0.2297, -0.0161, -0.2136
2.476, 0.2861, 0.1853, -0.4714
2.482, -0.2377, 0.0846, 0.1531
2.488, -0.2901, -0.1571, 0.4473
2.494, 0.0282, 0.3143, -0.3425
2.501, -0.0403, -0.0766, 0.1169
2.507, 0.1410, 0.3626, -0.5037
2.513, -0.0927, -0.1491, 0.2418
2.519, -0.1652, -0.1088, 0.2740
2.526, -0.0403, -0.0645, 0.1048
2.532, 0.3868, 0.1209, -0.5077
2.538, 0.3264, 0.1370, -0.4634
2.544, 0.1451, -0.1853, 0.0403
2.551, 0.0725, 0.0282, -0.1007
2.557, 0.2136, 0.2176, -0.4311
2.563, -0.1813, 0.1088, 0.0725
2.569, 0.1168, 0.3707, -0.4875
2.576, 0.2136, 0.1370, -0.3505
2.582, -0.3304, -0.0403, 0.3707
2.588, 0.0725, -0.2256, 0.1531
2.594, -0.0886, -0.0524, 0.1410
2.601, -0.3103, -0.1894, 0.4996
2.607, 0.2941, 0.1692, -0.4634
2.613, 0.1733, 0.1128, -0.2861
2.619, -0.0524, -0.1330, 0.1853
2.626, 0.1451, 0.1652, -0.3103
2.632, -0.2136, -0.1289, 0.3425
2.638, 0.0886, 0.1934, -0.2821
2.644, 0.0645, 0.0040, -0.0685
2.651, 0.1330, 0.0604, -0.1934
2.657, -0.1451, -0.1370, 0.2821
2.663, 0.0443, -0.0645, 0.0201
2.669, 0.0322, 0.1451, -0.1773
2.676, 0.0725, -0.0886, 0.0161
2.682, -0.0322, -0.1773, 0.2095
2.688, -0.2740, -0.3546, 0.6286
2.694, 0.1813, -0.0443, -0.1370
2.701, -0.0886, -0.9549, 1.0436
2.707, 0.3183, 0.2619, -0.5802
2.713, 0.1169, 0.1652, -0.2821
2.719, 0.0161, -0.1813, 0.1652
2.726, 0.0806, 0.0564, -0.1370
2.732, -0.1169, -0.0524, 0.1692
2.738, 0.1370, 0.1451, -0.2821
2.744, 0.2055, -0.0685, -0.1370
2.751, 0.1612, 0.0363, -0.1974
2.757, -0.1612, -0.1531, 0.3143
2.763, -0.1370, -0.3264, 0.4634
2.769, -0.0201, 0.1249, -0.1048
2.776, 0.1007, 0.1088, -0.2095
2.782, 0.1451, 0.1330, -0.2780
2.788, -0.0161, -0.0161, 0.0322
2.794, -0.1451, -0.0604, 0.2055
2.801, -0.4473, -0.1934, 0.2982
2.807, 0.1652, 0.1168, -0.2821
2.813, 0.2377, 0.1491, -0.3868
2.819, -0.0242, 0.2015, -0.1773
2.826, -0.0242, 0.0201, 0.0040
2.832, -0.2498, -0.1692, 0.4190
2.838, -0.1088, -0.2538, 0.3626
2.844, 0.0282, 0.2458, -0.2740
2.851, 0.0282, 0.0685, -0.0967
2.857, -0.0081, 0.1451, -0.1370
2.863, 0.0604, -0.0806, 0.0201
2.869, -0.1853, -0.1330, 0.3183
2.876, 0.2941, 0.2982, -0.5923
2.882, 1.0275, 1.2048, -2.2322
2.888, 0.1853, 0.0806, -0.2659
2.894, 0.3989, -0.1209, -0.2780
2.901, 0.2095, 0.1209, -0.3304
2.907, -0.1773, -0.1934, 0.3707
2.913, -0.0604, -0.0081, 0.0685
2.919, 0.3223, 0.3989, -0.7212
2.926, -0.2297, -0.1571, 0.3868
2.932, 0.1612, 0.0766, -0.2377
2.938, 0.0524, -0.1531, 0.1007
2.944, 0.0242, -0.0886, 0.1128
2.951, 0.2418, 0.0645, -0.3062
2.963, 0.1410, 0.0403, -0.1813
2.969, 0.0524, -0.3425, 0.2901
2.976, 0.0967, -0.0322, -0.0645
2.982, 0.1128, -0.2740, 0.1612
2.988, -0.0322, 0.0766, -0.0443
2.994, 0.2740, 0.1491, -0.4231
3.001, -0.5319, -0.5278, 1.0597
3.007, 0.3183, 0.2176, -0.5359
3.013, -0.0161, -0.0645, 0.0806
3.019, -0.2095, 0.1048, 0.1048
3.026, -0.0685, -0.3062, 0.3747
3.032, -0.0363, 0.2619, -0.2256
3.038, 0.1128, 0.0685, -0.1813
3.044, -0.2015, -0.0927, 0.2941
3.051, 0.2700, 0.0282, -0.2982
3.057, -0.1773, -0.2136, 0.3908
3.063, -0.1007, 0.0685, 0.0322
3.069, -0.0242, -0.2700, 0.2941
3.076, -0.2216, 0.2700, -0.0484
3.082, 0.1209, -0.2176, 0.0967
3.088, -0.0927, -0.2015, 0.2941
3.094, 0.0040, 0.1813, -0.1853
3.101, -0.1934, -0.4190, 0.6125
3.107, 0.2095, 0.3304, -0.5399
3.113, 0.2256, 0.1088, -0.3344
3.119, -0.0282, -0.0443, 0.0725
3.126, 0.0886, 0.1571, -0.2458
3.132, -0.0725, -0.0886, 0.1612
3.138, -0.1370, 0.0564, 0.0806
3.144, -0.0282, -0.0161, 0.0443
3.151, -0.1330, 0.0524, 0.0806
3.157, -0.1048, -0.1168, 0.2216
3.163, -0.0403, 0.1571, -0.1169
3.169, -0.1330, -0.1652, 0.2982
3.176, -0.2297, -0.1612, 0.3908
3.182, 0.2780, 0.2579, -0.5359
3.188, 0.2780, -0.0081, -0.2700
3.194, 0.1974, 0.1410, -0.3385
3.201, 0.2579, -0.2821, 0.0242
3.207, 0.0363, 0.1169, -0.1531
3.213, 0.2176, -0.0040, -0.2136
3.219, 0.2055, 0.1733, -0.3788
3.226, 0.3103, 0.2780, -0.5883
3.232, 0.0766, 0.0242, -0.1007
3.238, -0.3062, 0.0725, 0.2337
3.244, -0.0846, -0.1209, 0.2055
3.251, 0.0604, 0.0685, -0.1289
3.257, 0.4150, 0.1491, -0.5641
3.263, -0.0081, -0.0282, 0.0363
3.269, 0.2659, -0.0040, -0.2619
3.276, -0.0685, -0.2498, 0.3183
3.282, 0.0201, 0.0886, -0.1088
3.288, 0.1531, 0.0443, -0.1974
3.294, 0.1974, 0.1088, -0.3062
3.301, 0.3989, 0.1451, -0.5440
3.307, -0.0967, -0.2377, 0.3344
3.313, -0.0201, 0.1007, -0.0806
3.319, -0.0766, 0.0846, -0.0081
3.326, -0.0363, 0.1088, -0.0725
3.332, 0.2337, 0.0282, -0.2619
3.338, -0.0685, -0.2377, 0.3062
3.344, 0.1692, 0.0201, -0.1894
3.351, -0.2821, -0.8220, -0.1289
3.357, -0.0161, 0.0766, -0.0604
3.363, 0.1330, 0.0967, -0.2297
3.369, 0.0846, 0.1974, -0.2821
3.376, -0.1007, -0.0564, 0.1571
3.382, 0.2861, 0.1894, -0.4755
3.388, -0.1491, -0.1773, 0.3264
3.394, -0.3344, -0.0322, 0.3667
3.401, -0.0806, -0.1330, 0.2136
3.407, 0.0363, -0.1169, 0.0806
3.413, 0.1813, -0.0322, -0.1491
3.419, 0.2538, -0.2418, -0.0121
3.426, 0.1048, -0.1168, 0.0121
3.432, 0.1813, 0.0201, -0.2015
3.438, 0.1491, 0.1289, -0.2780
3.444, 0.1370, 0.0524, -0.1894
3.451, 0.1692, 0.1531, -0.3223
3.457, -0.1853, 0.0725, 0.1128
3.463, -0.1451, -0.0927, 0.2377
3.469, -0.0604, 0.1692, -0.1088
3.476, 0.3344, 0.9832, -1.3176
3.482, 0.1007, 0.0484, -0.1491
3.488, 0.1249, -0.0040, -0.1209
3.494, -0.1531, -0.1692, 0.3223
3.501, 0.3264, 0.1088, -0.4352
3.507, -0.1330, 0.0443, 0.0886
3.513, 0.5802, 0.1169, -0.6971
3.519, 0.6326, 0.3103, -0.9429
3.526, 0.1652, 0.0967, -0.2619
3.532, -0.2538, -0.0886, 0.3425
3.538, -0.0403, 0.1531, -0.1128
3.544, 0.1612, 0.2821, -0.4432
3.551, 0.0282, 0.0201, -0.0484
3.557, -0.2136, 0.0000, 0.2136
3.563, -0.2901, -0.2780, 0.5681
3.569, -0.1652, -0.1370, 0.3022
3.576, 0.2498, -0.1088, -0.1410
3.582, 0.3062, 0.1168, -0.4231
3.588, 0.2136, 0.1451, -0.3586
3.594, 0.0806, -0.1330, 0.0524
3.601, 0.2216, -0.0040, -0.2176
3.607, 0.3223, 0.0685, -0.3908
3.613, 0.0040, 0.0967, -0.1007
3.619, 0.4150, 0.1370, -0.5520
3.626, -0.1451, 0.1128, 0.0322
3.632, 0.2498, 0.1128, -0.3626
3.638, -0.2418, -0.1048, 0.3465
3.644, -0.2216, 0.1048, 0.1169
3.651, -0.0161, -0.2095, 0.2256
3.657, 0.1491, 0.2297, -0.3788
3.663, 0.1894, -0.0040, -0.1853
3.669, -0.1249, -0.2176, 0.3425
3.676, 0.2256, 0.1088, -0.3344
3.682, -0.0967, 0.0443, 0.0524
3.694, 0.2136, 0.4755, -0.6890
3.701, 0.0000, -0.0443, 0.0443
3.707, 0.1249, -0.1571, 0.0322
3.713, -0.2861, -0.2377, 0.5238
3.719, -0.0927, 0.1209, -0.0282
3.726, -0.4916, -0.2861, 0.7777
3.732, 0.2337, 0.2256, -0.4593
3.738, 0.2055, -0.1531, -0.0524
3.744, -0.0604, -0.2095, 0.2700
3.751, 0.2619, -0.0484, -0.2136
3.757, 0.0524, 0.1853, -0.2377
3.763, 0.3949, 0.3183, -0.7132
3.769, 0.0685, -0.1048, 0.0363
3.776, 0.2659, 0.1370, -0.4029
3.782, 0.0081, -0.1330, 0.1249
3.788, -0.3546, 0.1209, 0.2337
3.794, -0.2297, 0.1491, 0.0806
3.801, -0.0806, 0.0282, 0.0524
3.807, 0.1773, 0.0886, -0.2659
3.813, 0.0201, 0.0484, -0.0685
3.819, -0.2418, -0.0282, 0.2700
3.826, -0.0524, -0.1531, 0.2055
3.832, 0.1289, 0.2015, -0.3304
3.838, 0.4392, 0.1330, -0.5722
3.844, 0.1128, -0.1249, 0.0121
3.851, 0.4352, 0.1491, -0.5842
3.857, -0.1934, -0.0564, 0.2498
3.863, -0.1169, 0.1451, -0.0282
3.869, -0.8059, 0.2095, 0.5963
3.876, 0.0806, 0.4473, 0.6407
3.882, 0.4432, -0.1128, -0.3304
3.888, -0.3223, -0.2216, 0.5440
3.894, 0.0161, 0.1652, -0.1813
3.901, -0.1491, -0.0363, 0.1853
3.907, 0.2538, 0.2498, -0.5037
3.913, 0.2216, -0.1249, -0.0967
3.919, -0.1612, -0.1733, 0.3344
3.926, -0.0322, -0.0081, 0.0403
3.932, -0.2659, -0.0524, 0.3183
3.938, 0.0322, 0.1652, -0.1974
3.944, 0.2700, 0.1249, -0.3949
3.951, 0.0886, 0.4553, -0.5440
3.957, 0.2015, -0.3022, 0.1007
3.963, -0.0121, -0.0484, 0.0604
3.969, 0.1330, 0.0886, -0.2216
3.976, -0.0282, -0.0322, 0.0604
3.982, 0.3465, 0.2256, -0.5722
3.988, 0.0927, -0.0685, -0.0242
3.994, -0.1048, 0.0322, 0.0725
4.001, 0.3667, 0.0161, -0.3828
4.007, -0.2861, 0.2579, 0.0282
4.013, 0.1249, 0.1652, -0.2901
4.019, 0.1652, 0.1410, -0.3062
4.026, 0.2176, 0.1571, -0.3747
4.032, 0.1169, -0.3103, 0.1934
4.038, -0.0081, 0.1289, -0.1209
4.044, 0.2015, 0.0282, -0.2297
4.051, 0.0766, 0.1813, -0.2579
4.057, 0.5681, 0.0725, -0.6407
4.063, 0.0201, -0.0604, 0.0403
4.069, 0.1249, -0.3626, 0.2377
4.076, -0.0725, -0.1209, 0.1934
4.082, 0.1451, 0.3143, -0.4593
4.088, 0.2136, 0.0685, -0.2821
4.094, -0.0524, 0.0725, -0.0201
4.101, 0.1491, 0.0886, -0.2377
4.107, -0.2861, -0.0403, 0.3264
4.113, 0.0443, 0.1370, -0.1813
4.119, 0.0967, 0.0081, -0.1048
4.126, -0.0040, -0.1249, 0.1289
4.132, 0.0363, -0.1410, 0.1048
4.138, -0.0524, -0.0484, 0.1007
4.144, 0.0121, -0.1330, 0.1209
4.151, -0.1088, -0.0685, 0.1773
4.157, 0.4432, 0.1571, -0.6004
4.163, 0.1773, 0.0322, -0.2095
4.169, 0.0282, 0.0121, -0.0403
4.176, 0.1733, -0.2901, 0.1169
4.182, -0.3626, 0.0403, 0.3223
4.188, 0.2337, 0.2095, -0.4432
4.194, -0.1169, 0.1733, -0.0564
4.201, 0.0725, 0.0806, -0.1531
4.207, -0.0927, -0.2297, 0.3223
4.213, 0.0040, 0.4674, -0.4714
4.219, -0.2418, -0.1692, 0.4110
4.226, -0.2095, 0.1612, 0.0484
4.232, 0.2337, 0.0564, -0.2901
4.238, 0.0685, 0.0564, -0.1249
4.244, 0.2498, 0.0645, -0.3143
4.251, 0.2095, 0.1692, -0.3788
4.257, 0.0201, -0.0282, 0.0081
4.263, 0.1128, 0.1370, -0.2498
4.269, 0.1451, 0.2095, -0.3546
4.276, 0.4352, 0.1974, -0.6326
4.282, -0.0564, -0.1733, 0.2297
4.288, 0.0645, -0.9026, 0.8381
4.294, -0.0886, 0.0161, 0.0725
4.301, 0.0403, 0.2418, -0.2821
4.307, 0.0806, -0.0040, -0.0766
4.313, -0.2176, -0.0725, 0.2901
4.319, 0.2297, -0.0201, -0.2095
4.326, -0.2458, 0.1209, 0.1249
4.332, 0.0564, 0.1491, -0.2055
4.338, 0.0806, 0.1853, -0.2659
4.344, -0.7696, 0.0766, 0.6930
4.351, 0.3223, -0.0363, -0.2861
4.357, -0.1652, -0.0081, 0.1733
4.363, 0.2377, -0.0121, -0.2256
4.369, 0.1934, 0.2579, -0.4513
4.376, -0.0766, -0.1007, 0.1773
4.382, 0.1733, 0.2377, -0.4110
4.388, 0.0081, 0.0161, -0.0242
4.394, -0.1934, -0.1612, 0.3546
4.401, -0.2619, 0.1330, 0.1289
4.407, 0.1934, 0.2015, -0.3949
4.413, 0.1007, 0.1773, -0.2780
4.419, 0.1088, -0.1249, 0.0161
4.426, 0.1128, 0.1088, -0.2216
4.438, 0.2740, 0.0403, -0.3143
4.444, -0.0685, 0.1330, -0.0645
4.451, -0.0604, 0.0363, 0.0242
4.457, -0.0201, -0.1652, 0.1853
4.463, 0.2337, 0.0081, -0.2418
4.469, -0.5399, -0.5117, 1.0516
4.476, 0.0484, -0.1209, 0.0725
4.482, 0.2659, 0.1088, -0.3747
4.488, 0.3183, 0.2176, -0.5359
4.494, 0.0927, -0.3465, 0.2538
4.501, 0.1410, 0.0927, -0.2337
4.507, -0.1612, -0.1451, 0.3062
4.513, 0.1249, 0.1733, -0.2982
4.519, 0.3062, 0.3264, -0.6326
4.526, -0.0604, -0.2297, 0.2901
4.532, -0.2619, 0.0121, 0.2498
4.538, 0.0564, -0.0685, 0.0121
4.544, -0.2256, 0.1652, 0.0604
4.551, -0.2418, -0.1853, 0.4271
4.557, 0.1571, 0.0081, -0.1652
4.563, 0.1773, -0.0524, -0.1249
4.569, -0.0685, -0.4674, 0.5359
4.576, 0.1330, 0.0242, -0.1571
4.582, 0.2579, 0.0564, -0.3143
4.588, 0.1974, 0.1934, -0.3908
4.594, 0.3062, -0.1330, -0.1733
4.601, 0.1894, 0.0806, -0.2700
4.607, -0.1451, 0.0363, 0.1088
4.613, -0.1249, -0.0322, 0.1571
4.619, -0.0443, 0.2256, -0.1813
4.626, 0.0484, -0.2700, 0.2216
4.632, 0.0967, 0.3143, -0.4110
4.638, 0.2458, 0.0846, -0.3304
4.644, -0.2418, -0.0443, 0.2861
4.651, 0.1571, -0.0121, -0.1451
4.657, 0.1007, 0.0886, -0.1894
4.663, 0.1088, 0.0564, -0.1652
4.669, 0.2418, -0.1853, -0.0564
4.676, 0.2377, 0.1048, -0.3425
4.682, 0.1410, 0.0242, -0.1652
4.688, -0.0282, 0.1007, -0.0725
4.694, 0.1652, 0.2498, -0.4150
4.701, -0.9348, 0.0806, 0.8542
4.707, 0.7414, 1.0033, -1.7447
4.713, -0.1974, -0.2095, 0.4070
4.719, -0.2619, 0.1370, 0.1249
4.726, 0.0242, -0.2377, 0.2136
4.732, 0.0645, 0.0282, -0.0927
4.738, 0.2095, 0.1088, -0.3183
4.744, -0.0040, -0.0403, 0.0443
4.751, 0.0443, 0.1813, -0.2256
4.757, -0.0967, -0.3385, 0.4352
4.763, -0.2297, 0.2256, 0.0040
4.769, 0.2821, 0.0846, -0.3667
4.776, 0.1289, 0.1531, -0.2821
4.782, 0.0242, -0.1088, 0.0846
4.788, -0.1974, -0.1370, 0.3344
4.794, -0.0201, 0.1169, -0.0967
4.801, -0.0846, -0.2458, 0.3304
4.807, 0.2337, -0.1612, -0.0725
4.813, 0.3264, -0.0403, -0.2861
4.819, -0.2982, -0.1571, 0.4553
4.826, 0.1652, -0.2337, 0.0685
4.832, -0.1330, 0.0806, 0.0524
4.838, 0.1491, 0.2176, -0.3667
4.844, 0.2297, -0.0403, -0.1894
4.851, 0.1451, 0.2538, -0.3989
4.857, -0.0242, -0.0524, 0.0766
4.863, -0.5198, 0.0564, 0.4634
4.869, 0.2136, 0.2136, -0.4271
4.876, -0.3264, -0.0886, 0.4150
4.882, 0.3183, 0.1894, -0.5077
4.888, -0.1451, -0.3747, 0.5198
4.894, 0.0000, 0.0927, -0.0927
4.901, -0.1128, -0.4473, 0.5601
4.907, 0.1612, 0.1209, -0.2821
4.913, 0.3465, -0.0403, -0.3062
4.919, -0.0766, -0.1370, 0.2136
4.926, 0.1209, -0.0484, -0.0725
4.932, -0.1692, -0.0725, 0.2418
4.938, 0.0000, 0.2740, -0.2740
4.944, -0.1692, 0.0524, 0.1168
4.951, -0.0524, 0.2256, -0.1733
4.957, -0.0484, -0.2538, 0.3022
4.963, -0.2216, -0.0846, 0.3062
4.969, 0.0282, 0.1048, -0.1330
4.976, -0.1491, 0.0322, 0.1168
4.982, 0.0806, -0.0645, -0.0161
4.988, 0.4473, 0.1451, -0.5923
4.994, -0.2015, -0.1370, 0.3385
5.001, 0.1773, 0.0604, -0.2377
5.007, -0.1370, -0.0403, 0.1773
5.013, 0.1451, 0.1209, -0.2659
5.019, 0.2780, -0.1289, -0.1491
5.026, 0.2136, 0.4352, -0.6487
5.032, 0.0000, -0.3223, 0.3223
5.038, -0.1370, -0.0645, 0.2015
5.044, 0.4070, 0.1612, -0.5681
5.051, -0.1934, 0.0322, 0.1612
5.057, 0.2941, 0.0806, -0.3747
5.063, -0.0121, -0.1733, 0.1853
5.069, -0.0242, 0.0403, -0.0161
5.076, -0.0121, -0.0121, 0.0242
5.082, 0.0121, 0.3828, -0.3949
5.088, 0.1974, 0.1330, -0.3304
5.094, -0.0121, -0.1007, 0.1128
5.101, 0.1088, -0.1491, 0.0403
5.107, -0.1330, -0.1370, 0.2700
5.113, -0.0484, -0.0725, 0.1209
5.119, 0.4190, 0.0886, -0.5077
5.126, -0.2136, -0.1692, 0.3828
5.132, 0.3425, -0.0604, -0.2821
5.138, -0.0604, -0.1410, 0.2015
5.144, 0.0081, 0.1894, -0.1974
5.151, -0.1088, -0.1289, 0.2377
5.157, 0.1451, 0.2538, -0.3989
5.163, 0.2015, 0.1370, -0.3385
5.175, 0.1531, 0.0967, -0.2498
5.182, -0.1612, 0.2256, -0.0645
5.188, 0.2055, 0.1773, -0.3828
5.194, 0.1330, 0.2136, -0.3465
5.201, 0.7212, 0.7414, -1.4626
5.207, -0.0081, -0.2941, 0.3022
5.213, -0.1209, 0.0524, 0.0685
5.219, 0.4190, 0.2095, -0.6286
5.226, -0.0927, 0.0886, 0.0040
5.232, 0.3264, 0.1168, -0.4432
5.238, 0.0121, -0.1088, 0.0967
5.244, -0.2015, 0.0322, 0.1692
5.251, 0.3626, -0.0242, -0.3385
5.257, -0.2821, 0.1934, 0.0886
5.263, -0.0725, 0.0484, 0.0242
5.269, -0.0725, -0.1410, 0.2136
5.276, 0.2740, 0.2176, -0.4916
5.282, -0.1007, -0.2821, 0.3828
5.288, -0.0524, 0.1853, -0.1330
5.294, 0.0242, 0.1451, -0.1692
5.301, -0.1048, 0.2377, -0.1330
5.307, 0.2095, 0.0161, -0.2256
5.313, -0.2216, -0.1934, 0.4150
5.319, -0.0604, -0.1209, 0.1813
5.326, -0.1209, -0.0081, 0.1289
5.332, 0.1652, 0.1330, -0.2982
5.338, 0.2861, -0.0121, -0.2740
5.344, 0.1289, 0.0201, -0.1491
5.351, 0.2659, -0.0685, -0.1974
5.357, -0.1934, 0.0806, 0.1128
5.363, 0.3062, 0.2377, -0.5440
5.369, 0.1370, 0.1531, -0.2901
5.376, -0.3505, -0.1934, 0.5440
5.382, 0.1451, 0.1168, -0.2619
5.388, -0.2498, 0.0524, 0.1974
5.394, -0.1128, 0.0322, 0.0806
5.401, -0.1692, 0.0685, 0.1007
5.407, 0.2297, 0.1612, -0.3908
5.413, -0.1571, -0.3385, 0.4956
5.419, 0.0040, -0.0725, 0.0685
5.426, 0.1007, 0.0685, -0.1692
5.432, 0.2176, 0.2055, -0.4231
5.438, 0.4875, 0.0282, -0.5158
5.444, -0.1451, 0.0322, 0.1128
5.451, 0.2780, 0.0806, -0.3586
5.457, 0.2941, -0.0484, -0.2458
5.463, 0.1088, 0.3103, -0.4190
5.469, -0.0604, 0.0242, 0.0363
5.476, -0.0121, 0.3344, -0.3223
5.482, 0.1692, 0.0524, -0.2216
5.488, -0.1249, -0.1209, 0.2458
5.494, -0.0363, -0.0725, 0.1088
5.501, 0.1249, -0.0524, -0.0725
5.507, 0.2941, 0.3546, -0.6487
5.513, 0.1692, -0.1209, -0.0484
5.519, 0.1612, -0.0363, -0.1249
5.526, 0.1048, 0.0685, -0.1733
5.532, -0.0645, 0.0363, 0.0282
5.538, 0.2256, 0.1773, -0.4029
5.544, -0.0161, 0.1088, -0.0927
5.551, -0.0685, 0.0322, 0.0363
5.557, 0.0886, -0.2861, 0.1974
5.563, 0.0121, -0.0604, 0.0484
5.569, -0.0685, -0.0363, 0.1048
5.576, -0.0121, 0.1169, -0.1048
5.582, 0.3022, 0.0927, -0.3949
5.588, 0.1934, 0.1571, -0.3505
5.594, 0.0725, -0.1491, 0.0766
5.601, 0.1692, 0.1451, -0.3143
5.607, -0.3344, 0.1410, 0.1934
5.613, -0.0524, 0.1853, -0.1330
5.619, 0.1249, 0.2538, -0.3788
5.626, -0.0927, -0.1370, 0.2297
5.632, 0.1531, -0.1330, -0.0201
5.638, -0.0886, -0.1652, 0.2538
5.644, -0.1853, -0.0927, 0.2780
5.651, -0.0846, -0.0766, 0.1612
5.657, 0.4352, -0.0242, -0.4110
5.663, 0.1894, 0.1451, -0.3344
5.669, 0.0000, -0.0967, 0.0967
5.676, 0.0846, -0.0604, -0.0242
5.682, 0.2740, 0.3626, -0.6366
5.688, 0.1853, 0.2700, -0.4553
5.694, 0.0322, 0.3223, -0.3546
5.701, 0.2297, 0.1007, -0.3304
5.707, -0.2458, -0.0040, 0.2498
5.713, -0.1330, 0.0766, 0.0564
5.719, -0.1048, 0.1330, -0.0282
5.726, -0.0443, 0.0645, -0.0201
5.732, 0.3223, -0.0886, -0.2337
5.738, 0.0645, -0.1571, 0.0927
5.744, -0.0967, -0.3264, 0.4231
5.751, 0.0645, 0.0201, -0.0846
5.757, 0.0282, 0.0443, -0.0524
5.763, 0.0725, 0.0645, -0.1370
5.769, 0.2297, -0.0846, -0.1451
5.776, 0.2498, -0.0806, -0.1692
5.782, -0.2297, 0.1007, 0.1289
5.788, -0.1733, -0.0725, 0.2458
5.794, -0.0201, 0.1410, -0.1209
5.801, 0.0242, 0.1934, -0.4070
5.807, -0.2498, -0.2659, 0.5158
5.813, -0.1048, -0.1531, 0.2579
5.819, -0.0282, -0.1571, 0.1853
5.826, -0.3344, -0.0121, 0.3465
5.832, 0.2216, 0.2538, -0.4755
5.838, 0.1531, 0.3264, -0.4795
5.844, -0.0443, -0.0524, 0.0967
5.851, 0.1209, 0.1048, -0.2256
5.857, -0.0685, -0.1612, 0.2297
5.863, 0.1531, 0.1048, -0.2579
5.869, 0.2095, 0.1571, -0.36