0.007, -0.8215, -0.1477
0.013, 0.0185, 0.1501
0.019, 0.0514, 0.0774
0.026, -0.5322, -0.2964
0.032, -0.0100, 0.2224
0.038, -0.6959, -0.6299
0.044, 0.1801, 0.2086
0.051, -0.0553, 0.0179
0.057, -0.2135, 0.2796
0.063, -0.4738, -0.0134
0.069, -0.4659, -0.1648
0.076, -0.2796, 0.0328
0.082, -0.8798, 0.0530
0.088, 0.0273, -0.2408
0.094, -0.2653, -0.0885
0.101, 0.2490, -0.0772
0.107, -0.0315, -0.1211
0.113, -0.5540, -0.2148
0.119, 0.2087, 0.1983
0.126, -0.2283, -0.3124
0.132, -0.0403, -0.2392
0.138, 0.2543, -0.0895
0.144, -0.1849, -0.0748
0.151, 0.1421, 0.1990
0.157, 0.1814, 0.3645
0.163, -0.1533, -0.0283
0.169, -0.1595, -0.1191
0.176, -0.2789, -0.0637
0.182, -0.4100, -0.0630
0.188, 0.2178, -0.1000
0.194, -1.3009, -0.8312
0.201, -0.4860, 0.0428
0.207, -0.2215, -0.1708
0.213, -0.0434, 0.1042
0.219, -0.2685, 0.0212
0.226, 0.1812, 0.0069
0.232, -0.0421, 0.0619
0.238, 0.0190, -0.4509
0.244, 0.0532, 0.1352
0.251, -0.1629, -0.1851
0.257, -0.1678, -0.3863
0.263, -0.0767, -0.2606
0.269, 0.2367, 0.2441
0.276, -0.0551, -0.0985
0.282, 0.1851, 0.0520
0.288, -0.5878, -0.0037
0.294, -0.0935, -0.0129
0.301, 0.0361, 0.1029
0.307, -0.2691, 0.1620
0.313, -0.0737, 0.0662
0.319, -0.0641, -0.5874
0.326, -0.2487, 0.4614
0.332, -0.7204, -0.7099
0.338, 0.1412, -0.2648
0.344, -0.5569, -0.0278
0.351, -0.3095, -0.2777
0.357, -0.0487, -0.2468
0.363, -0.1794, 0.0729
0.369, -0.2331, -0.0920
0.376, -0.2165, 0.0811
0.382, -0.2543, -0.2480
0.388, -0.4843, 0.0251
0.394, -0.1882, -0.1010
0.401, -0.2807, 0.1665
0.407, -0.6957, 0.0259
0.413, 0.0525, -0.3616
0.419, -0.1554, 0.3224
0.426, -0.1844, -0.5326
0.432, 0.0244, 0.3629
0.438, -0.2330, -0.6578
0.444, 0.1056, -0.1905
0.451, -0.3372, 0.4584
0.457, 0.0725, 0.1837
0.463, -0.2186, -0.2208
0.469, 0.2215, 0.1200
0.476, -0.2729, -0.2682
0.482, 0.0378, -0.0572
0.488, -0.8238, 0.1893
0.494, 0.0051, -0.1264
0.501, 0.0563, 0.2488
0.507, -0.5227, -0.0654
0.513, 0.1043, 0.2590
0.519, -0.5598, -0.9256
0.526, 0.0939, 0.2007
0.532, -0.0325, 0.3058
0.538, 0.0002, -0.2258
0.544, 0.5348, 0.1908
0.551, -0.3184, 0.2063
0.557, -0.2363, -0.0809
0.563, -0.5165, -0.6644
0.569, 0.0851, 0.1510
0.576, -0.7550, -0.2482
0.582, -0.3959, 0.2561
0.588, -0.4924, -0.1232
0.594, -0.2299, 0.0573
0.601, -0.0005, -0.2123
0.607, -0.1053, -0.3428
0.613, 0.2533, 0.2820
0.619, -0.3392, -0.1141
0.626, 0.1116, 0.0543
0.632, -0.9290, 0.1113
0.638, -0.0840, -0.2240
0.644, 0.2011, -0.2614
0.651, -0.0516, -0.3618
0.657, -0.0259, 0.3989
0.663, -0.1336, -0.4003
0.669, 0.1221, 0.0064
0.676, -0.3338, 0.0239
0.682, -0.3870, -0.0999
0.688, -0.2261, -0.2247
0.694, 0.0420, 0.0243
0.701, 0.2165, -0.4573
0.707, -0.1654, -0.2727
0.713, 0.1145, 0.2023
0.719, -0.2232, -0.0491
0.726, 0.4135, 0.1122
0.738, 0.0668, 0.0380
0.744, -0.3190, 0.2044
0.751, 0.0420, -0.2848
0.757, -0.2682, 0.5131
0.763, -0.1241, -0.3341
0.769, 0.0183, -0.1023
0.776, -0.4344, -0.0487
0.782, -0.7028, 0.1327
0.788, -0.2211, -0.2291
0.794, 0.1209, -0.1304
0.801, -0.4292, 0.3722
0.807, -0.6334, -0.5356
0.813, 0.1441, -0.2193
0.819, -0.1076, -0.0469
0.826, -0.3750, -0.2049
0.832, 0.0309, -0.3229
0.838, -0.0854, 0.2174
0.844, -0.5579, -0.0337
0.851, 0.1296, -0.0654
0.857, -0.9339, 0.1845
0.863, -0.3961, 0.1802
0.869, -0.2809, 0.0342
0.876, -0.5745, -0.3682
0.882, 0.0355, -0.2272
0.888, -0.5734, -0.5405
0.894, 0.2062, 0.2743
0.901, -0.2333, -0.1884
0.907, 0.2192, 0.0374
0.913, -0.2432, -0.2404
0.919, -0.4369, -0.0637
0.926, 0.1348, -0.1812
0.932, 0.0503, 0.1486
0.938, -0.5133, -0.1308
0.944, 0.4477, -0.2738
0.951, -0.3632, 0.3213
0.957, 0.0183, -0.3610
0.963, 0.1981, -0.0944
0.969, -0.4498, -0.2254
0.976, -0.0682, -0.0631
0.982, -0.4440, -0.3075
0.988, 0.3580, -0.0774
0.994, -1.0658, -0.0088
1.001, 0.2797, -0.1892
1.007, -0.2766, 0.1835
1.013, -0.2109, -0.3523
1.019, -0.3108, 0.0095
1.026, -0.0729, 0.1106
1.032, 0.1619, 0.2751
1.038, -0.4737, -0.4373
1.044, 0.3783, 0.0434
1.051, -0.3444, -0.2769
1.057, -0.2949, 0.1123
1.063, -0.3968, -0.0891
1.069, -0.0301, -0.0570
1.076, 0.0520, -0.0989
1.082, -0.3700, -1.1498
1.088, 0.1739, 0.3628
1.094, -0.5279, -0.3051
1.101, 0.2233, 0.1981
1.107, -0.3238, -0.2681
1.113, -1.0612, -0.1422
1.119, -0.0235, -0.1458
1.126, -0.2888, 0.0925
1.132, -0.7471, 0.0570
1.138, -0.0864, -0.2393
1.144, -0.0955, 0.3881
1.151, -0.5209, -0.2353
1.157, -0.1548, -0.2831
1.163, 0.1397, 0.0868
1.169, 0.0405, 0.2481
1.176, -1.3634, -0.4375
1.182, 0.2604, 0.0025
1.188, -0.7251, 0.0796
1.194, 0.4226, -0.5448
1.201, 0.0792, 0.0401
1.207, -0.2858, -0.4044
1.213, -0.0485, -0.0198
1.219, -0.2655, -0.5147
1.226, 0.1325, 0.2075
1.232, -0.4225, -0.2550
1.238, 0.1227, -0.0926
1.244, -0.2014, -0.0152
1.251, 0.0668, -0.3974
1.257, 0.0525, -0.2443
1.263, 0.0349, 0.0467
1.269, -0.0110, 0.0910
1.276, -0.2500, -0.1904
1.282, -0.1622, 0.1391
1.288, -0.7341, -0.6909
1.294, -0.0237, 0.1716
1.301, -0.8073, 0.5049
1.307, 0.0793, -0.5333
1.313, -0.0635, -0.0073
1.319, 0.1334, -0.0614
1.326, 0.2138, 0.3756
1.332, -0.3424, -0.3147
1.338, -0.1177, 0.0078
1.344, -0.4397, -0.2688
1.351, -0.1746, 0.0835
1.357, -0.0703, 0.0257
1.363, 0.0597, -0.7318
1.369, 0.0703, 0.2752
1.376, -0.2901, -0.3872
1.382, 0.0074, -0.1088
1.388, -0.3497, -0.2085
1.394, -0.4088, 0.1861
1.401, -0.3202, -0.2970
1.407, 0.1870, -0.2499
1.413, -0.1307, 0.1304
1.419, -0.0670, -0.6457
1.426, -0.4270, 0.4760
1.432, -0.3232, -0.3706
1.438, 0.1736, 0.0011
1.444, -0.0847, 0.0933
1.451, 0.0121, -0.1931
1.457, -0.5996, -0.5796
1.469, -0.8295, -0.3231
1.476, 0.1116, -0.0354
1.482, -0.2443, -0.1267
1.488, -0.0675, -0.0270
1.494, -0.1383, 0.0263
1.501, -0.2187, -0.3860
1.507, -0.0176, -0.0460
1.513, -0.0965, -1.0161
1.519, -0.0878, 0.5124
1.526, -0.1418, -0.3136
1.532, -0.2487, -0.2917
1.538, 0.0278, -0.2826
1.544, -0.0354, 0.1332
1.551, -0.3394, -0.2614
1.557, 0.1601, 0.0408
1.563, -0.8542, -0.0231
1.569, 0.2530, -0.2810
1.576, -0.4075, 0.0864
1.582, -0.2154, -0.1440
1.588, -0.0946, -0.1986
1.594, 0.0668, 0.0338
1.601, -0.0461, 0.0662
1.607, -0.2336, -0.1001
1.613, -0.3919, -0.1366
1.619, 0.3789, -0.3354
1.626, 0.1213, -0.1701
1.632, -0.3818, -0.0439
1.638, -0.2721, -0.6456
1.644, 0.2660, 0.1831
1.651, 0.0667, -0.0837
1.657, 0.4613, 0.0489
1.663, -0.3297, -0.0467
1.669, -0.2910, 0.1316
1.676, 0.1890, -0.0003
1.682, 0.0453, 0.0715
1.688, -0.2880, 0.4176
1.694, 0.0266, 0.0924
1.701, 0.0593, 0.2099
1.707, -0.2234, -0.0157
1.713, -0.2038, -0.1097
1.719, -0.4597, -0.1089
1.726, -0.2425, 0.1242
1.732, -0.0778, -0.0909
1.738, -0.5731, -0.5878
1.744, 0.1145, 0.1850
1.751, -0.1697, -0.1979
1.757, -0.2396, -0.0181
1.763, 0.3608, -0.2709
1.769, 0.0887, 0.0837
1.776, 0.4173, -0.6142
1.782, -0.3652, -0.9518
1.788, -0.0276, 0.3368
1.794, -0.2522, -0.1199
1.801, 0.1913, 0.0753
1.807, 0.3214, -0.1585
1.813, -0.4287, 0.2480
1.819, 0.0600, 0.1278
1.826, -0.3878, -0.0841
1.832, -0.0565, 0.2246
1.838, -0.1827, -0.3148
1.844, 0.1865, 0.0907
1.851, -0.0826, 0.0702
1.857, -0.1779, 0.0393
1.863, -0.2661, -0.1820
1.869, 0.0097, -0.0076
1.876, -0.2334, -0.5577
1.882, -0.1687, -1.1173
1.888, 0.0924, 0.2639
1.894, -0.0963, -0.0588
1.901, 0.0602, -0.0774
1.907, 0.2819, 0.1355
1.913, -0.2359, 0.1313
1.919, -0.3536, -0.1611
1.926, -0.0114, -0.7265
1.932, -0.0839, 0.5920
1.938, -0.1761, -0.2728
1.944, 0.1410, 0.0036
1.951, -0.6710, -0.2179
1.957, -0.4690, -0.1739
1.963, -0.2370, -0.3482
1.969, 0.2251, 0.1020
1.976, -0.2415, -0.0486
1.982, 0.1420, 0.0459
1.988, -0.7390, -0.2477
1.994, -0.2167, 0.0253
2.001, -0.2670, 0.5004
2.007, -0.1789, -0.3004
2.013, -0.0969, -0.1589
2.019, -0.5004, -0.7338
2.026, 0.6299, 0.8774
2.032, -0.0241, 0.2090
2.038, -0.1897, -0.0735
2.044, 0.2517, 0.0252
2.051, -1.0669, 0.7119
2.057, -0.4246, -0.1648
2.063, 0.3437, -0.1115
2.069, -0.3422, 0.0871
2.076, -0.3793, -0.8977
2.082, 0.1751, -0.0483
2.088, -0.1885, -0.0273
2.094, -0.8547, -0.3075
2.101, 0.2547, 0.0133
2.107, 0.1588, 0.0558
2.113, -0.9575, 0.1225
2.119, 0.2115, -0.6520
2.126, -0.1896, 0.3657
2.132, -0.2770, -0.5599
2.138, -0.1017, -0.2114
2.144, -0.2168, -0.0848
2.151, -0.3143, -0.1366
2.157, -0.3685, -0.1889
2.163, 0.4034, -0.0311
2.169, -0.5928, 0.0471
2.176, -0.1255, -0.6861
2.182, -0.0057, -0.3042
2.194, -0.1856, -0.0105
2.201, 0.1394, -0.2685
2.207, 0.2851, -0.0045
2.213, -0.8165, 0.2450
2.219, 0.0495, -0.5815
2.226, -0.1846, 0.1411
2.232, 0.0391, 0.3085
2.238, -0.1693, -0.4234
2.244, -0.1131, -0.3477
2.251, -0.4995, -0.1898
2.257, -0.3859, -0.1005
2.263, -0.1613, -0.0225
2.269, -0.2534, -0.1928
2.276, 0.0747, -0.2929
2.282, 0.0564, -0.1742
2.288, -0.5432, 0.2603
2.294, -0.0628, 0.1960
2.301, 0.1510, 0.1010
2.307, 0.2269, 0.1328
2.313, -0.1224, -0.0252
2.319, -0.0682, -0.0741
2.326, -0.6818, 0.0841
2.332, 0.2024, -0.1875
2.338, -0.1018, 0.2297
2.344, -0.8791, -0.7066
2.351, 0.2347, 0.0051
2.357, -0.5587, -0.0362
2.363, -0.0160, -0.1766
2.369, -0.3982, 0.0901
2.376, -0.4526, -0.8337
2.382, -0.0727, -0.1602
2.388, -0.2743, -0.3595
2.394, 0.1352, 0.1413
2.401, -0.6427, -0.1770
2.407, -0.2050, 0.0186
2.413, -0.2169, -0.2915
2.419, -0.1752, 0.1786
2.426, 0.6063, -0.6429
2.432, -0.2323, -0.4114
2.438, 0.1637, 0.2158
2.444, -0.1248, -0.1371
2.451, 0.1779, 0.1123
2.457, 0.1324, 0.0492
2.463, -0.0637, 0.2602
2.469, 0.1352, -0.1322
2.476, -0.1388, -0.0298
2.482, -0.1217, 0.0398
2.488, -0.0253, -0.8011
2.494, 0.0840, 0.3315
2.501, -0.2786, -0.2927
2.507, 0.0738, -0.2453
2.513, 0.2806, 0.3402
2.519, -0.1624, -0.0769
2.526, 0.3104, 0.0912
2.532, 0.0476, 0.1630
2.538, -0.1051, -0.2023
2.544, 0.2085, -0.2167
2.551, -0.0980, 0.2801
2.557, -0.2022, -0.2132
2.563, -0.1135, -0.1167
2.569, 0.2131, 0.2466
2.576, -0.6046, -0.4298
2.582, -0.3201, -0.0420
2.588, 0.2456, -0.0663
2.594, -0.2915, -0.0379
2.601, 0.3052, 0.1195
2.607, -0.5399, -0.1188
2.613, -0.1255, 0.1029
2.619, -0.8944, 0.1329
2.626, -0.1035, -0.2039
2.632, -0.4738, 0.4582
2.638, -0.1947, -0.1962
2.644, -0.0341, -0.4550
2.651, -0.0227, 0.0603
2.657, 0.0369, 0.0493
2.663, 0.0465, -0.0021
2.669, 0.2858, 0.1007
2.676, -1.1826, 0.0166
2.682, 0.1733, -0.2396
2.688, -0.6126, 0.1126
2.694, -0.2343, -0.1144
2.701, -0.0986, 0.0209
2.707, -0.4682, -0.2610
2.713, -0.0574, 0.1286
2.719, -0.0101, -0.5563
2.726, -0.1417, 0.0007
2.732, 0.1687, -0.1093
2.738, -0.1672, 0.0522
2.744, 0.0527, -0.1450
2.751, 0.0125, -0.1445
2.757, -0.0531, 0.1930
2.763, -0.6037, -0.4914
2.769, 0.3679, 0.2988
2.776, -0.8914, -0.2561
2.782, -0.4550, 0.0158
2.788, 0.1352, -0.2928
2.794, -0.2967, 0.1873
2.801, 0.1207, -0.1733
2.807, 0.3620, -0.4460
2.813, -0.1046, 0.3297
2.819, 0.0105, -0.1835
2.826, -0.5399, -0.2861
2.832, 0.1631, 0.1627
2.838, -0.4303, 0.0196
2.844, -0.6413, -0.2595
2.851, -0.1715, 0.2505
2.857, -0.1584, 0.3034
2.863, -0.0679, -0.5813
2.869, 0.1286, 0.0659
2.876, -0.2085, -0.2181
2.882, -0.0679, -0.2433
2.888, 0.0473, -0.1256
2.894, -0.0281, 0.0489
2.901, -0.2075, 0.1849
2.907, -0.2309, -0.6231
2.919, -0.1337, 0.2839
2.926, 0.1502, 0.0434
2.932, -0.4524, -0.2067
2.938, 0.0203, 0.1572
2.944, -0.2028, -0.1448
2.951, -0.1184, 0.1703
2.957, -0.8813, 0.0557
2.963, 0.4162, -0.2348
2.969, 0.0715, -0.0708
2.976, -0.1816, -0.4263
2.982, -0.1521, -0.3087
2.988, -0.4413, -0.4710
2.994, 0.2048, 0.2453
3.001, 0.1176, -0.1660
3.007, 0.0847, 0.0301
3.013, -0.3118, -0.1405
3.019, -0.1588, 0.0485
3.026, 0.1484, -0.1242
3.032, -0.0883, -0.6505
3.038, -0.0738, 0.0884
3.044, -0.1478, -0.2356
3.051, 0.2194, 0.1440
3.057, -0.3978, -0.0884
3.063, -0.4756, 0.1742
3.069, -0.6044, -0.0679
3.076, -0.1487, -0.1248
3.082, -0.1598, 0.2132
3.088, -0.4666, -0.8971
3.094, 0.1400, 0.0699
3.101, -0.5300, -0.2446
3.107, 0.1849, 0.0925
3.113, -0.0782, 0.0825
3.119, -0.4300, 0.0729
3.126, -0.7649, 0.1671
3.132, 0.1632, -0.3148
3.138, -0.4076, 0.4572
3.144, -0.3199, -1.0604
3.151, -0.0042, 0.1209
3.157, 0.0012, 0.5364
3.163, -0.1628, -0.2541
3.169, 0.2165, 0.0793
3.176, -0.1348, 0.0247
3.182, -0.1256, -0.1570
3.188, 0.1894, -0.2417
3.194, -0.3706, 0.4673
3.201, -0.2564, -0.3658
3.207, -0.0710, -0.1870
3.213, 0.1815, 0.0294
3.219, -0.0508, 0.0104
3.226, -0.3749, -0.1804
3.232, 0.3061, -0.3008
3.238, -0.0302, 0.2658
3.244, -0.1164, -0.7830
3.251, 0.2223, 0.1208
3.257, 0.1532, 0.1819
3.263, -0.2229, 0.0643
3.269, -0.6715, -0.2734
3.276, -0.2812, 0.1740
3.282, -0.8473, -0.1042
3.288, 0.0873, -0.3453
3.294, 0.1585, -0.3752
3.301, -0.5217, -0.5550
3.307, -0.1351, -0.1214
3.313, 0.0060, -0.1050
3.319, -0.0237, 0.2110
3.326, -0.2102, -0.0648
3.332, 0.0874, 0.0273
3.338, -0.0857, 0.2511
3.344, -0.1457, -0.2821
3.351, 0.1956, 0.2098
3.357, -0.2028, -0.3059
3.363, 0.1913, 0.1714
3.369, -0.1519, -0.2233
3.376, 0.1355, -0.0414
3.382, -0.2626, 0.2897
3.388, 0.0932, -0.6362
3.394, 0.3040, -0.2969
3.401, -0.2832, 0.4920
3.407, -0.1112, -0.2187
3.413, -0.1946, -0.2732
3.419, 0.2195, 0.1208
3.426, -0.3649, -0.1030
3.432, -0.2047, -0.0184
3.438, -0.7710, -0.3115
3.444, -0.2421, 0.1569
3.450, -0.1828, -0.6902
3.457, -0.3681, -0.8241
3.463, -0.0453, 0.2610
3.469, -0.2588, -0.3535
3.476, 0.1759, 0.2934
3.482, -0.1226, -0.0254
3.488, -0.3942, 0.0683
3.494, -0.2389, -0.1940
3.501, -0.0999, -0.1638
3.507, -0.4290, 0.3225
3.513, 0.0781, -0.3907
3.519, 0.0884, 0.1400
3.526, -0.3876, -0.2560
3.532, -0.0679, -0.1648
3.538, 0.1181, 0.0120
3.544, -0.7322, -0.1190
3.551, -0.1696, -0.2147
3.557, 0.5565, -0.0958
3.563, -0.8999, 0.0383
3.569, 0.1082, -0.5215
3.576, 0.0983, 0.0373
3.582, 0.0309, 0.1338
3.588, -0.1080, -0.0795
3.594, -0.0964, -0.0857
3.601, 0.2379, 0.3309
3.607, -0.5316, -0.0924
3.613, 0.0596, -0.1454
3.619, -0.4634, 0.2491
3.626, -0.1901, -0.9466
3.632, 0.0265, -0.1685
3.638, -0.2734, -0.4071
3.651, -0.5597, -0.5747
3.657, 0.1048, 0.2315
3.663, -0.0590, -0.1830
3.669, -0.0518, -0.0434
3.676, -0.0481, -0.1581
3.682, 0.1209, -0.0245
3.688, -0.3027, 0.0565
3.694, -0.5357, -0.2793
3.701, 0.1677, 0.0096
3.707, -0.0919, 0.0511
3.713, -0.3490, -0.2619
3.719, -0.0838, -0.0135
3.726, -0.3221, 0.1345
3.732, -0.6689, -0.1244
3.738, 0.3635, -0.2104
3.744, -0.1394, 0.3191
3.751, -0.4528, -0.8172
3.757, -0.2137, 0.4504
3.763, -0.0263, 0.3500
3.769, -0.0105, 0.0173
3.776, 0.0636, 0.0497
3.782, 0.2152, 0.1405
3.788, -0.3744, -0.2141
3.794, 0.0725, -0.0583
3.801, -1.3550, 0.1015
3.807, -0.1910, 0.0044
3.813, 0.0045, -0.1047
3.819, -0.4382, -0.0163
3.826, -0.0072, 0.1557
3.832, -0.4196, -0.6456
3.838, 0.1066, -0.0664
3.844, 0.2167, -0.0640
3.851, -0.1214, -0.5355
3.857, -0.0115, -0.0695
3.863, -0.4170, -0.3918
3.869, -0.0619, 0.0443
3.876, 0.1229, -0.2221
3.882, 0.3472, -0.2349
3.888, -0.1470, 0.2216
3.894, -0.3633, -0.7448
3.901, 0.1042, 0.1917
3.907, 0.0942, 0.3335
3.913, -0.1151, 0.4299
3.919, -0.3231, -0.1361
3.926, -0.4257, 0.4896
3.932, -0.1945, 0.1814
3.938, -0.1199, -0.2376
3.944, 0.0833, -0.0642
3.951, -0.0384, 0.1918
3.957, -0.1953, -0.0659
3.963, -0.1174, -0.5262
3.969, 0.3561, 0.0425
3.976, -0.5599, -0.1485
3.982, -0.0724, -0.0828
3.988, -0.2427, 0.0220
3.994, -0.0648, -0.4726
4.001, -0.0833, 0.1884
4.007, 0.2041, 0.2722
4.013, 0.2669, 0.1046
4.019, -0.4430, -0.2790
4.026, -0.1713, 0.0537
4.032, -0.4676, -0.0488
4.038, -0.1748, 0.0103
4.044, 0.1605, -0.2185
4.051, -0.1184, -0.1143
4.057, -0.2677, 0.3676
4.063, -0.6235, -1.1268
4.069, 0.2823, -0.0135
4.076, -0.7952, -0.2100
4.082, -0.7229, -0.1024
4.088, -0.0165, -0.1995
4.094, -0.0660, 0.1438
4.101, 0.1377, -0.2560
4.107, -0.0909, -0.8382
4.113, -0.0119, 0.2905
4.119, -0.0685, 0.5152
4.126, 0.2877, 0.2465
4.132, 0.1656, 0.0660
4.138, -0.2472, 0.0143
4.144, -1.0446, 0.1763
4.151, -0.0352, -0.6264
4.157, -0.1576, 0.8414
4.163, -0.1173, -0.2235
4.169, 0.1501, 0.0119
4.176, -0.4184, -0.0298
4.182, -0.5402, -0.0851
4.188, -0.2508, -0.2590
4.194, -0.0843, 0.1674
4.201, -0.6184, -0.1444
4.207, 0.2752, -0.5571
4.213, -0.0423, 0.4102
4.219, -0.0808, 0.1551
4.226, 0.0846, -0.0694
4.232, 0.0291, 0.1168
4.238, -0.3240, 0.0369
4.244, -0.5445, -0.1266
4.251, -0.0411, 0.1041
4.257, -0.1745, 0.3769
4.263, -0.1928, -0.1198
4.269, -0.0119, 0.0457
4.276, -0.0451, 0.0193
4.282, -0.2614, -0.0278
4.288, -0.6307, -0.1833
4.294, 0.0821, 0.0501
4.301, -1.0162, 0.2997
4.307, 0.0149, -0.4383
4.313, -0.0422, 0.0741
4.319, -0.2129, 0.3070
4.326, -0.0894, -0.4231
4.332, -0.3010, -0.2860
4.338, 0.2389, 0.0948
4.344, -0.1887, -0.0232
4.351, 0.0778, -0.0340
4.357, -0.7056, -0.0498
4.363, 0.1268, -0.4230
4.369, -0.1724, 0.0128
4.382, 0.2024, 0.1963
4.388, -1.1624, -0.3947
4.394, 0.0934, -0.2656
4.401, 0.1878, -0.0466
4.407, -0.6029, 0.0380
4.413, -0.1095, -0.1499
4.419, 0.0043, -0.0760
4.426, -0.5052, -0.1270
4.432, -0.3221, -0.2604
4.438, 0.1361, -0.2252
4.444, -0.0944, 0.2396
4.451, -0.6381, -0.7281
4.457, -0.0833, 0.0931
4.463, 0.1451, 0.2182
4.469, -0.0756, -0.0369
4.476, -0.1862, -0.2155
4.482, 0.3125, -0.0944
4.488, -0.5826, 0.5189
4.494, -0.2970, -0.4500
4.501, 0.2144, 0.2423
4.507, 0.1202, 0.3131
4.513, -0.3450, -0.2297
4.519, -0.6680, -0.5254
4.526, -0.0507, 0.0917
4.532, -0.3388, -0.0879
4.538, -0.5457, -0.1070
4.544, 0.0760, 0.0294
4.551, -0.1168, 0.0787
4.557, -0.3056, -0.3193
4.563, 0.1523, -0.3787
4.569, -0.1310, 0.2870
4.576, -0.0926, -1.0807
4.582, -0.1376, -0.3988
4.588, -0.1381, 0.0072
4.594, -0.1438, -0.2442
4.601, 0.1225, -0.0708
4.607, 0.0941, 0.1105
4.613, -0.6791, -0.0623
4.619, 0.2524, -0.4439
4.626, -0.0067, 0.4332
4.632, -0.0957, -0.1067
4.638, -0.1434, -0.2989
4.644, 0.3046, 0.1969
4.651, -0.8591, 0.1288
4.657, -0.2941, -0.3405
4.663, 0.3660, -0.2667
4.669, -0.1153, 0.3506
4.676, -0.0621, -0.2933
4.682, -0.0405, -0.3195
4.688, 0.3164, 0.3615
4.694, -0.4485, -0.0344
4.701, -0.0580, -0.1077
4.707, 0.1589, -0.0992
4.713, -0.8849, 0.2833
4.719, -0.1072, -0.2699
4.726, 0.0714, 0.0106
4.732, -0.4646, -0.2485
4.738, -0.0558, -0.0961
4.744, -0.0593, -0.1058
4.751, -0.2746, -0.2308
4.757, -0.3445, -0.1369
4.763, 0.0761, -0.0912
4.769, 0.0709, -0.3386
4.776, -0.1999, -0.0287
4.782, 0.0053, -0.1888
4.788, -0.0143, 0.0321
4.794, -0.0972, 0.0102
4.801, -0.6066, -0.2262
4.807, -0.1312, -0.0229
4.813, 0.0142, 0.0629
4.819, -0.2315, -0.3640
4.826, 0.0171, -0.1059
4.832, -0.0438, -0.2814
4.838, 0.2565, 0.3175
4.844, -0.6570, -0.2217
4.851, 0.1790, 0.0137
4.857, 0.1539, 0.0911
4.863, 0.2745, -0.4263
4.869, -0.0838, -0.1375
4.876, 0.1343, 0.2698
4.882, -0.4644, 0.0496
4.888, -0.2801, -0.2129
4.894, 0.0651, -0.1209
4.901, -0.0104, 0.0956
4.907, -0.3855, -0.4438
4.913, -0.0594, -0.3007
4.919, 0.1353, 0.0764
4.926, -1.1413, 0.0628
4.932, -0.4081, -0.2313
4.938, 0.3371, -0.0160
4.944, -0.1627, 0.2298
4.951, -0.3525, -0.5385
4.957, -0.2691, -0.2262
4.963, 0.0735, 0.4224
4.969, -0.1742, 0.1125
4.976, 0.2200, 0.0032
4.982, 0.1049, 0.0356
4.988, -0.7144, 0.2558
4.994, -0.1527, 0.0699
5.001, -0.1340, 0.4555
5.007, -0.7321, 0.5280
5.013, 0.0116, 0.0629
5.019, -0.3209, -0.1453
5.026, 0.1846, -0.0219
5.032, -0.4473, -0.0939
5.038, -0.1163, -0.0029
5.044, 0.0246, 0.1426
5.051, -0.7885, 0.0154
5.057, -0.1415, -0.1989
5.063, 0.0622, 0.0366
5.069, -0.2990, 0.1974
5.076, -0.1601, -0.1660
5.082, -0.6303, -0.2452
5.088, -0.7367, 0.1526
5.094, -0.1122, -0.0992
5.107, 0.0295, -0.2174
5.113, -0.0102, -0.0133
5.119, -0.2905, -0.2608
5.126, 0.3839, 0.1992
5.132, -0.2985, -0.1690
5.138, -0.2016, 0.0065
5.144, -0.4069, -0.3564
5.151, -0.1817, 0.0961
5.157, -0.4374, 0.1098
5.163, 0.2361, -0.3699
5.169, 0.0085, 0.1929
5.175, -0.5503, -0.4664
5.182, 0.0168, -0.3319
5.188, 0.0988, -0.1242
5.194, -0.5117, 0.0393
5.201, 0.1857, -0.4771
5.207, 0.3295, -0.1540
5.213, -0.9108, 0.2778
5.219, -0.0607, -0.7587
5.226, 0.1318, 0.0134
5.232, 0.1702, 0.3824
5.238, -0.1113, -0.0185
5.244, -0.1432, 0.0306
5.251, -0.0646, 0.0586
5.257, -1.1331, 0.0092
5.263, 0.0959, -0.2975
5.269, 0.1832, -0.0071
5.276, -0.6864, 0.4259
5.282, -0.0341, 0.0327
5.288, -0.8756, -0.4752
5.294, -0.0208, 0.1062
5.301, -0.5190, -0.1870
5.307, 0.3989, -0.0740
5.313, -0.6633, 0.1064
5.319, -0.2620, -0.3723
5.326, -0.0964, -0.1160
5.332, 0.0898, 0.0919
5.338, -0.0192, 0.5708
5.344, -0.8014, -0.4827
5.351, -0.0200, 0.1867
5.357, 0.3779, -0.0005
5.363, -0.3474, 0.0531
5.369, -0.0807, -0.2505
5.376, -0.0021, -0.1612
5.382, -0.2801, -0.2720
5.388, 0.0559, -0.3662
5.394, -0.7432, 0.8111
5.401, -0.0934, -0.1979
5.407, 0.0011, -0.1610
5.413, 0.2783, 0.0840
5.419, -0.0966, -0.0040
5.426, -0.0280, -0.2702
5.432, 0.3084, -0.6571
5.438, -0.0420, 0.4458
5.444, -0.4581, -0.7030
5.451, 0.1958, -0.1488
5.457, 0.0267, 0.1300
5.463, -0.3543, 0.1122
5.469, -0.1429, -0.1494
5.476, 0.1862, -0.1727
5.482, -0.0476, 0.3195
5.488, -0.0474, -0.5985
5.494, -0.1293, 0.3295
5.501, -0.5589, -0.3475
5.507, 0.1453, 0.0736
5.513, -0.0180, -0.1455
5.519, -0.3729, 0.0824
5.526, -0.5322, -0.2835
5.532, 0.0021, -0.3663
5.538, 0.1220, 0.0020
5.544, -0.4385, 0.2692
5.551, 0.5682, 0.9864
5.557, -0.3151, -0.0835
5.563, -0.2643, -0.0679
5.569, -0.0843, -0.5642
5.576, -0.0577, 0.1395
5.582, 0.0761, 0.1396
5.588, -0.1415, -0.1341
5.594, 0.4250, -0.1753
5.601, -0.3845, 0.0477
5.607, -0.1747, 0.1432
5.613, 0.2036, -0.4196
5.619, -0.4274, 0.6101
5.626, -0.3546, -0.7396
5.632, 0.1540, 0.4292
5.638, -0.3987, -0.1098
5.644, -0.1057, 0.0583
5.651, -0.2538, -0.1048
5.657, 0.2437, -0.0206
5.663, -0.9543, 0.1416
5.669, 0.0639, -0.6532
5.676, -0.1926, 0.6576
5.682, -0.6331, -0.0848
5.688, -0.2207, -0.2576
5.694, 0.4485, 0.2047
5.701, -0.4041, -0.0345
5.707, -0.3019, -0.2260
5.713, 0.4647, 0.0182
5.719, -0.7510, 0.1025
5.726, -0.2093, -0.1125
5.732, -0.0327, -0.1243
5.738, -0.0271, 0.4494
5.744, -0.1468, -0.4607
5.751, 0.1720, -0.0115
5.757, 0.1472, 0.1271
5.763, -0.3541, -0.1115
5.769, -0.1681, -0.0787
5.776, 0.0974, 0.1421
5.782, 0.0561, -0.3781
5.788, -0.1487, 0.4477
5.794, -0.5872, -0.6694
5.801, 0.0845, 0.0083
5.807, -0.4569, -0.1345
5.813, 0.0493, 0.2317
5.819, 0.1968, -0.1386
5.826, -0.3821, 0.0933
5.838, 0.0449, -0.3549
5.844, -0.2216, 0.5117
5.851, -0.3128, -0.5791
5.857, -0.0656, -0.1825
5.863, -0.0131, 0.1956
5.869, -0.0957, -0.2424
5.876, 0.4540, -0.0453
5.882, 0.1637, 0.1034
5.888, -0.4014, -0.1643
5.894, -0.1049, -0.0104
5.901, -1.1584, 0.4263
5.907, -0.0770, -0.1957
5.913, -0.0674, -0.0636
5.919, 0.0926, 0.1534
5.926, -0.0841, -0.0421
5.932, -0.6230, -0.6896
5.938, 0.2371, 0.2479
5.944, -0.3357, -0.6092
5.951, 0.3543, -0.0198
5.957, -0.1165, -0.1075
5.963, -0.2118, 0.1562
5.969, -0.0424, -0.0237
5.976, 0.2893, -0.2317
5.982, -0.8593, 0.3195
5.988, -0.0581, -0.5508
5.994, 0.0616, 0.0174
6.001, -0.1247, -0.1102
6.007, -0.0429, -0.1917
6.013, 0.1174, -0.0002
6.019, -0.4214, 0.1107
6.026, -0.7184, -0.5534
6.032, 0.3037, 0.1255
6.038, -0.3694, -0.0192
6.044, -0.0508, -0.0061
6.051, -0.3158, 0.0400
6.057, -0.1050, -0.2565
6.063, -0.1670, -0.1199
6.069, 0.1211, 0.2052
6.076, 0.1890, 0.1757
6.082, -0.2493, -0.0927
6.088, -0.2642, 0.0738
6.094, -0.6061, -0.0846
6.101, -0.1676, -0.0298
6.107, -0.0445, -0.0678
6.113, -0.3192, -1.0016
6.119, 0.1035, 0.2009
6.126, -0.3816, -0.6996
6.132, 0.1285, -0.0140
6.138, -0.3963, -0.2294
6.144, 0.1290, -0.1097
6.151, 0.0514, -0.1737
6.157, -0.0965, -1.0328
6.163, 0.0882, 0.3351
6.169, -0.4342, -0.2128
6.176, 0.2852, 1.0097
6.182, -0.0744, -0.0491
6.188, -0.2254, 0.0042
6.194, 0.1086, -0.4062
6.201, 0.3699, -0.4968
6.207, -0.2642, 0.4023
6.213, -0.0977, -0.9759
6.219, -0.4000, -0.2576
6.226, -0.4087, -0.3267
6.232, -0.1396, -0.3173
6.238, 0.2213, 0.0242
6.244, 0.0522, -0.0490
6.251, 0.3162, 0.2734
6.257, 0.1846, -0.0027
6.263, -0.1605, -0.1761
6.269, -0.1227, 0.1135
6.276, -0.7794, 0.1520
6.282, 0.0253, -0.2065
6.288, -0.5025, 0.4295
6.294, 0.0226, -0.6490
6.301, 0.0259, 0.1353
6.307, -0.3097, -0.1371
6.313, -0.0644, -0.2504
6.319, -0.3787, -0.0870
6.326, -0.0666, -0.1212
6.332, -0.4804, -0.1766
6.338, 0.1650, -0.1050
6.344, -0.8342, 0.0873
6.351, 0.0509, -0.2567
6.357, 0.1657, -0.1528
6.363, -0.3160, -0.2369
6.369, -0.1099, -0.2572
6.376, -0.0555, -0.3253
6.382, -0.3278, 0.1431
6.388, -0.6145, -0.1338
6.394, 0.1341, -0.1315
6.401, -0.0405, 0.2102
6.407, -0.1855, -0.1254
6.413, -0.3790, 0.3385
6.419, 0.0052, -0.2120
6.426, -0.1846, -0.3673
6.432, -0.6021, -0.7039
6.438, 0.4075, -0.0004
6.444, -0.4259, 0.0776
6.451, 0.1461, -0.4436
6.457, 0.0484, -0.1873
6.463, -0.1377, -0.3412
6.469, -0.0643, 0.1214
6.476, 0.0190, -0.0277
6.482, 0.1102, 0.0857
6.488, 0.0850, 0.2381
6.494, -0.6437, -0.2157
6.501, 0.0209, -0.0191
6.507, -0.2719, 0.1675
6.513, -0.8518, 0.1094
6.519, 0.1542, -0.9794
6.525, -0.0421, -0.0214
6.532, -0.5311, -0.5735
6.538, -0.1371, -0.1627
6.544, 0.1233, 0.1048
6.551, -0.1330, -0.1529
6.557, -0.3028, -0.1629
6.569, -0.8205, 0.0338
6.576, 0.1681, -0.2344
6.582, -0.4613, 0.1073
6.588, -0.2120, -0.1983
6.594, -0.0526, -0.1430
6.601, 0.1285, 0.1634
6.607, 0.0338, -0.1019
6.613, -0.1196, -0.0179
6.619, -0.1539, -0.1813
6.626, -0.5006, -0.0872
6.632, -0.1527, 0.0388
6.638, 0.4127, -0.6358
6.644, -0.0979, -0.4763
6.651, -0.2560, 0.0047
6.657, -0.4519, -0.5501
6.663, 0.2027, -0.0950
6.669, -0.0866, 0.0634
6.676, 0.1007, -0.0670
6.682, -0.0190, -0.2537
6.688, -0.2346, 0.1533
6.694, -0.1660, 0.0637
6.701, 0.3467, -0.4651
6.707, -0.2536, 0.4359
6.713, -0.3409, -0.0927
6.719, 0.0356, -0.4546
6.726, 0.0894, 0.1904
6.732, 0.0097, 0.1463
6.738, -1.0689, 0.0380
6.744, 0.1692, -0.5878
6.751, -0.0412, 0.2351
6.757, -0.2245, 0.0226
6.763, -0.1877, -0.2378
6.769, 0.3130, 0.2012
6.776, -0.4442, 0.1198
6.782, -0.7601, -0.0388
6.788, 0.2236, -0.3305
6.794, -0.1984, 0.3746
6.801, -0.1630, -0.8979
6.807, 0.0042, -0.1486
6.813, 0.0498, 0.1455
6.819, -0.4669, 0.0882
6.826, -0.4942, -0.1245
6.832, 0.1846, -0.1542
6.838, -0.8226, 0.0974
6.844, 0.2471, -0.7056
6.851, -0.0645, 0.2294
6.857, -0.5421, 0.5247
6.863, -0.1292, -0.0364
6.869, -0.0809, -0.3601
6.876, -0.2482, -0.2355
6.882, -0.2360, -0.2783
6.888, 0.3082, -0.2808
6.894, -0.1082, 0.2348
6.901, -0.3355, -0.8581
6.907, -0.0392, -0.1856
6.913, 0.0691, -0.0288
6.919, 0.2911, 0.2749
6.926, -0.4965, -0.1673
6.932, 0.3544, -0.0604
6.938, -0.0075, 0.1291
6.944, 0.0100, -0.3412
6.951, -0.2206, 0.4512
6.957, -0.1457, -0.4978
6.963, -0.0556, 0.2081
6.969, -0.1044, -0.1628
6.976, -0.2072, -0.0936
6.982, -0.3866, -0.0307
6.988, -0.0265, 0.0118
6.994, -0.4496, 0.0697
7.001, -0.0006, -0.4584
7.007, -0.3604, -0.4994
7.013, -0.0738, -0.2789
7.019, -0.1211, 0.3914
7.026, -0.0312, -0.3692
7.032, 0.1527, 0.2805
7.038, -0.1752, -0.1861
7.044, -0.5580, -0.2155
7.051, 0.0491, -0.0794
7.057, -0.2416, 0.2453
7.063, -0.8700, 0.1841
7.069, -0.0365, -0.4018
7.076, -0.0924, -0.0298
7.082, -0.1009, 0.1018
7.088, -0.0014, -0.0990
7.094, 0.0732, 0.0813
7.101, -0.0212, 0.0531
7.107, 0.0261, -0.1087
7.113, 0.0538, -0.1161
7.119, -0.2469, 0.3633
7.126, -0.0105, -0.3255
7.132, -0.0158, 0.3911
7.138, -0.2025, -0.9153
7.144, -0.0258, -0.1632
7.151, 0.0486, 0.2574
7.157, -0.0796, -0.0133
7.163, -0.4510, -0.2566
7.169, -0.0529, -0.0978
7.176, -0.4569, -0.1674
7.182, -0.2375, -0.0108
7.188, 0.1539, -0.0287
7.194, -0.2355, -0.7328
7.201, 0.1295, 0.0012
7.207, 0.1092, 0.2306
7.213, -0.0863, 0.5369
7.219, -0.0949, -0.4500
7.226, 0.1105, 0.5173
7.232, -0.1974, -0.0405
7.238, -0.4357, -0.1037
7.244, 0.0065, 0.0479
7.251, 0.0611, -0.0907
7.257, -0.5088, 0.0066
7.263, -0.1904, -0.3695
7.269, -0.2974, 0.3548
7.276, 0.0819, -0.1398
7.282, 0.1192, -0.0319
7.288, -0.0379, 0.1609
7.300, 0.2063, -0.1500
7.307, -0.2712, 0.2265
7.313, -0.1990, 0.0475
7.319, 0.1779, -0.2860
7.326, -0.4293, 0.3924
7.332, -0.1617, -1.0409
7.338, -0.0275, -0.2323
7.344, -0.2920, -0.3623
7.351, -0.1251, -0.1634
7.357, -0.4802, -0.4039
7.363, 0.2736, 0.1571
7.369, -0.6633, -0.4629
7.376, 0.1144, 0.1192
7.382, -0.9944, 0.3592
7.388, -0.2374, -0.2853
7.394, -0.0524, -0.0806
7.401, 0.0906, 0.2039
7.407, -0.0114, 0.1897
7.413, -0.3063, -0.1916
7.419, 0.1168, 0.0042
7.426, -0.6531, -0.0219
7.432, -0.1256, -0.1086
7.438, 0.1403, -0.1289
7.444, -0.3622, -0.0672
7.451, -0.0095, -0.1439
7.457, -0.3625, -0.7148
7.463, 0.3742, 1.1313
7.469, -0.9605, -0.2624
7.476, 0.3356, 0.0207
7.482, 0.2066, -0.0232
7.488, -0.1804, 0.1355
7.494, -0.1505, 0.1037
7.501, -0.4184, -0.6146
7.507, -0.0787, 0.1738
7.513, -0.5587, -0.8993
7.519, 0.2248, -0.1859
7.526, -0.1423, -0.4021
7.532, -0.2002, -0.2726
7.538, 0.0186, -0.1010
7.544, -0.1150, 0.1941
7.551, -0.4650, -0.1360
7.557, 0.3523, -0.1960
7.563, -0.2293, 0.2168
7.569, -0.0641, -0.6059
7.576, 0.1665, 0.1354
7.582, -0.0304, -0.2319
7.588, -0.2184, 0.0322
7.594, -1.1243, 0.2621
7.601, -0.0340, -0.1889
7.607, -0.0840, 0.3705
7.613, -0.4640, -0.6642
7.619, 0.1178, -0.0055
7.626, -0.5873, -0.2981
7.632, -0.4302, 0.0537
7.638, -0.0881, -0.1653
7.644, 0.1586, -0.1557
7.651, -0.2967, 0.2534
7.657, -0.5400, -0.3086
7.663, 0.2194, 0.0318
7.669, 0.0968, 0.0005
7.676, 0.3021, -0.0277
7.682, 0.3302, -0.2457
7.688, -0.0376, 0.0446
7.694, 0.0039, -0.0670
7.701, 0.3100, -0.6019
7.707, -0.1513, 0.6044
7.713, -0.6029, 0.0743
7.719, -0.1327, -0.5305
7.726, 0.0948, 0.1747
7.732, 0.3031, 0.0876
7.738, -0.2814, 0.0963
7.744, 0.2055, -0.4335
7.751, -0.4367, 0.3423
7.757, -0.3041, -1.0709
7.763, 0.1525, -0.0052
7.769, 0.2117, 0.3532
7.776, -0.4186, -0.1135
7.782, -0.1076, -0.1320
7.788, 0.0810, 0.1207
7.794, -0.1167, -0.2931
7.801, 0.0842, -0.3054
7.807, -0.0406, 0.3043
7.813, -0.1815, -0.4451
7.819, 0.0573, 0.0206
7.826, 0.0538, 0.4900
7.832, -0.1116, 0.0537
7.838, -0.2395, -0.1081
7.844, 0.1420, 0.0589
7.851, -0.0068, 0.0283
7.857, -0.0953, -0.2528
7.863, -0.1056, 0.0396
7.869, -0.2820, -0.4140
7.876, 0.0027, -0.4397
7.882, 0.0635, -0.0434
7.888, 0.3880, 0.3196
7.894, -0.2888, 0.0315
7.901, 0.5060, 0.0591
7.907, -0.0080, -0.2357
7.913, -0.1240, 0.0170
7.919, -0.0342, -0.0219
7.926, 0.0291, 0.0232
7.932, 0.1680, 0.3126
7.938, -0.3681, -0.1845
7.944, 0.2888, 0.0184
7.951, -0.6987, 0.3350
7.957, -0.1774, -0.1623
7.963, 0.0766, -0.2740
7.969, -0.4266, -0.1085
7.976, -0.1176, -0.3531
7.982, -0.1411, -0.4018
7.988, 0.2383, -0.0806
7.994, -0.2168, -0.0561
8.001, -0.0051, 0.0658
8.007, 0.2735, -0.0380
8.013, 0.5518, 0.3237
8.025, 0.4047, -0.3526
8.032, -0.0105, -0.0218
8.038, -0.2935, -0.8732
8.044, 0.1501, 0.0300
8.051, -0.2563, -0.3320
8.057, -0.3725, -0.2221
8.063, 0.0970, -0.0316
8.069, -0.2241, -0.0528
8.076, -0.0888, -0.1461
8.082, 0.2047, -0.0212
8.088, -0.9808, 0.2717
8.094, -0.1360, -0.0512
8.101, 0.2003, -0.0403
8.107, -0.3511, 0.0500
8.113, -0.0943, -0.0626
8.119, -0.0786, -0.2373
8.126, -0.1571, -0.1631
8.132, -0.2296, -0.2196
8.138, 0.1215, -0.0443
8.144, 0.0032, 0.0200
8.151, -0.2071, 0.0421
8.157, -0.2310, -0.2691
8.163, 0.4015, -0.2975
8.169, -0.4273, 0.6466
8.176, 0.1305, -0.2790
8.182, 0.2514, 0.1743
8.188, -0.0074, 0.2452
8.194, -0.0555, 0.1613
8.201, 0.2238, -0.1471
8.207, 0.0708, -0.0469
8.213, -0.2092, 0.2617
8.219, -0.2490, -0.8844
8.226, 0.1402, 0.0193
8.232, -0.1605, -0.0644
8.238, -0.3132, -0.1070
8.244, 0.2669, 0.0458
8.251, -0.0278, -0.0169
8.257, 0.7800, -0.4958
8.263, 0.1551, -0.2770
8.269, -0.0623, 0.3093
8.276, -0.3258, -0.8720
8.282, 0.1707, 0.0729
8.288, 0.0195, 0.1480
8.294, -0.9642, -0.2319
8.301, 0.1827, -0.1296
8.307, 0.1962, -0.2518
8.313, 0.0291, 0.2574
8.319, -0.5580, -0.1875
8.326, -0.2214, 0.0494
8.332, -0.0332, 0.1439
8.338, -0.0403, 0.0451
8.344, -0.2945, -0.1324
8.351, 0.0986, -0.2062
8.357, -0.1983, 0.4585
8.363, -0.4486, -0.7141
8.369, 0.1214, 0.2444
8.376, -0.6385, -0.6913
8.382, 0.1692, -0.1461
8.388, 0.1796, 0.2017
8.394, -0.1486, 0.0118
8.401, 0.0837, -0.1377
8.407, 0.3855, 0.0326
8.413, -0.8985, 0.0932
8.419, 0.0747, -0.2020
8.426, -0.1316, 0.2816
8.432, -0.2416, 0.0099
8.438, 0.0608, -0.3892
8.444, 0.0819, 0.1017
8.451, -0.0818, -0.0661
8.457, -0.6255, -0.4905
8.463, -0.2401, 0.0235
8.469, 0.1376, -0.0282
8.476, -0.2863, -0.0355
8.482, -0.4120, -0.1771
8.488, -0.1233, -0.0201
8.494, -0.1390, 0.4208
8.501, 0.0604, 0.0876
8.507, 0.2298, 0.3719
8.513, -0.2181, -0.0872
8.519, -0.4767, -0.1054
8.526, 0.0211, -0.0778
8.532, 0.0352, 0.0548
8.538, 0.0846, -0.1623
8.544, 0.0757, -0.4847
8.551, -0.0576, 0.2316
8.557, -0.1854, 0.3739
8.563, 0.1405, -0.0456
8.569, 0.4790, -0.1805
8.576, -0.1877, -0.0348
8.582, -0.4681, -0.3219
8.588, -0.0274, -0.9518
8.594, 0.0957, 0.2816
8.601, -0.2507, -0.1563
8.607, 0.2619, -0.0050
8.613, -0.4035, -0.0677
8.619, -0.2082, 0.0650
8.626, 0.0105, 0.2206
8.632, -0.2106, 0.0844
8.638, -0.0205, 0.3405
8.644, -0.1869, -0.3113
8.651, 0.0954, 0.3123
8.657, 0.1341, 0.1246
8.663, -0.3050, 0.0884
8.669, -0.4336, -0.1035
8.676, -0.1128, -0.0061
8.682, -0.0781, 0.0815
8.688, -0.4683, -0.6508
8.694, 0.0796, 0.0489
8.701, -0.2063, 0.0574
8.707, -0.1212, -0.1372
8.713, 0.0476, -0.2082
8.719, -0.1749, 0.2122
8.725, -0.5774, 0.0562
8.732, 0.2013, -0.5848
8.738, -0.5568, 0.5912
8.751, 0.1666, 0.4384
8.757, 0.0597, 0.1750
8.763, -0.0017, -0.0160
8.769, -0.2245, -0.4472
8.776, -0.3120, 0.2688
8.782, -0.9844, 0.0701
8.788, 0.1342, -0.5051
8.794, -0.0160, 0.3037
8.801, -0.0778, -0.7345
8.807, -0.2747, 0.2092
8.813, 0.0656, -0.0257
8.819, -0.1833, -0.2112
8.826, -0.1257, -0.1627
8.832, 0.1681, 0.1479
8.838, -0.2347, 0.1289
8.844, 0.0156, -0.0803
8.851, -0.2755, 0.2512
8.857, -0.1627, -0.0757
8.863, -0.0302, -0.1431
8.869, -0.2493, -0.5587
8.876, -0.0641, 0.0276
8.882, -0.2080, -0.1383
8.888, -0.1954, -0.0472
8.894, 0.0008, -0.0046
8.901, 0.1502, -0.0706
8.907, -0.3734, -0.1667
8.913, 0.0266, -0.3126
8.919, 0.0247, 0.2136
8.926, 0.2142, 0.1180
8.932, 0.2143, 0.0320
8.938, -0.3626, -0.0609
8.944, 0.1415, -0.0960
8.951, -0.3929, -0.0552
8.957, 0.0663, 0.0101
8.963, -0.2755, 0.3211
8.969, -0.3611, -0.4921
8.976, -0.0385, 0.3242
8.982, -0.4600, -0.5336
8.988, 0.1071, -0.0989
8.994, -0.0233, 0.1508
9.001, 0.2747, 0.0885
9.007, 0.0720, 0.0129
9.013, 0.2054, -0.0517
9.019, -1.1674, -0.0801
9.026, 0.0489, -0.0625
9.032, -0.4118, -0.1283
9.038, -0.1658, 0.0290
9.044, 0.2005, -0.2153
9.051, -0.6478, -0.0053
9.057, -0.0747, 0.1001
9.063, -0.4163, -0.5855
9.069, 0.1894, 0.2115
9.076, -0.3444, -0.0442
9.082, -0.5413, -0.0789
9.088, -0.1695, -0.2160
9.094, 0.0187, 0.0503
9.101, 0.3001, -0.3944
9.107, -0.3391, -0.5914
9.113, -0.0595, 0.5772
9.119, -0.1477, -0.0364
9.126, 0.1890, 0.2637
9.132, -0.0336, 0.1346
9.138, -0.1447, -0.3920
9.144, 0.2264, 0.0203
9.151, -0.2824, 0.5141
9.157, -0.2845, -0.1451
9.163, -0.5460, -0.2491
9.169, -0.6422, 0.3771
9.176, 0.0837, -0.2443
9.182, 0.1393, -0.1158
9.188, -0.4800, -0.0798
9.194, -0.1141, -0.1595
9.201, 0.0895, 0.1302
9.207, 0.1098, 0.0596
9.213, -0.0791, 0.1516
9.219, -0.5712, 0.0608
9.226, -0.3422, 0.1872
9.232, -0.0840, 0.0275
9.238, -0.0826, 0.1882
9.244, -0.1003, -0.1342
9.251, -0.1032, -0.0537
9.257, -0.4003, -0.3050
9.263, 0.2906, -0.0416
9.269, 0.0591, -0.0327
9.276, -0.0807, -0.0023
9.282, -0.7529, -0.0207
9.288, 0.1551, -0.3831
9.294, -0.6721, 0.5012
9.301, -0.1156, -1.0632
9.307, 0.1540, -0.0245
9.313, 0.0726, 0.1858
9.319, -0.0770, -0.1230
9.326, 0.1338, -0.0366
9.332, -0.1628, 0.1834
9.338, -1.0279, -0.1383
9.344, 0.1316, -0.0447
9.351, -0.3010, 0.4027
9.357, 0.0237, -0.4359
9.363, 0.0124, -0.0342
9.369, -0.1495, -0.5470
9.376, 0.0469, -0.2311
9.382, -0.4383, -0.2945
9.388, -0.0288, 0.0710
9.394, -0.2835, -0.2241
9.401, 0.4503, 0.2266
9.407, -0.0478, 0.0387
9.413, -0.5139, 0.0473
9.419, 0.2326, -0.1293
9.426, -0.1914, -0.1140
9.432, 0.0118, 0.2053
9.438, -0.1786, -0.5525
9.444, -0.4767, -0.0141
9.451, -0.2349, -0.0558
9.457, -0.2250, 0.0886
9.463, 0.0452, -0.3229
9.469, -0.5476, 0.3860
9.482, -0.2737, -0.2378
9.488, 0.3839, 0.0212
9.494, -0.4834, 0.0667
9.501, 0.4104, -0.0864
9.507, -0.2786, -0.2003
9.513, 0.0101, -0.4152
9.519, -0.4260, 0.3662
9.526, -0.1125, 0.2134
9.532, 0.1395, 0.4281
9.538, -0.2173, -0.0944
9.544, 0.0677, -0.1000
9.551, -0.3406, -0.0196
9.557, -0.2238, -0.2917
9.563, 0.3234, -0.0766
9.569, -0.1493, 0.0833
9.576, -0.2453, -0.2153
9.582, 0.4359, -0.2477
9.588, -0.8061, 0.7183
9.594, -0.2357, -0.4460
9.601, -0.2550, 0.3128
9.607, 0.1644, 0.0044
9.613, -0.1814, 0.0968
9.619, -0.2229, -0.0953
9.626, -0.0933, 0.1831
9.632, -1.0337, 0.0484
9.638, -0.0540, -0.1691
9.644, 0.0019, -0.0290
9.651, -0.2773, 0.3570
9.657, -0.0154, 0.1676
9.663, 0.0738, 0.0128
9.669, 0.1531, 0.1788
9.676, -0.2845, -0.1803
9.682, -0.1512, 0.0047
9.688, 0.3656, -0.5443
9.694, -0.2588, 0.2815
9.701, -0.0793, -0.1442
9.707, 0.0641, 0.1123
9.713, 0.2495, 0.2041
9.719, -0.9065, -0.4016
9.726, 0.0361, 0.0760
9.732, -0.5049, -0.0809
9.738, -0.1679, -0.1148
9.744, -0.1169, -0.0956
9.751, 0.0622, 0.1692
9.757, 0.2480, 0.2805
9.763, -0.6858, -0.3526
9.769, 0.0763, -0.1496
9.776, -0.6536, -0.0895
9.782, -0.1611, 0.0248
9.788, 0.1028, -0.2236
9.794, 0.0271, -0.1000
9.801, -0.0651, -0.0181
9.807, -0.5909, -0.3219
9.813, 0.3779, 0.0710
9.819, -0.5291, 0.2599
9.826, 0.0313, -0.1193
9.832, 0.1468, -0.1513
9.838, -0.2205, -0.1259
9.844, 0.0926, 0.3116
9.851, 0.0455, -0.1609
9.857, -0.0328, 0.1372
9.863, -0.3500, -0.1340
9.869, -0.0701, -0.0465
9.876, -0.8539, 0.3005
9.882, -0.1649, -0.0191
9.888, -0.0630, 0.0880
9.894, -0.4921, -0.8157
9.901, 0.1405, 0.0745
9.907, -0.4547, -0.4054
9.913, 0.3400, 0.1173
9.919, -0.3586, -0.0794
9.926, -0.3263, 0.0775
9.932, -0.2683, -0.4194
9.938, 0.0919, -0.3387
9.944, -0.2691, 0.4627
9.951, -0.6993, -0.6374
9.957, 0.0122, -0.1678
9.963, 0.2493, 0.1031
9.969, -0.8991, -0.1737
9.976, -0.4894, -0.2560
9.982, 0.1225, -0.0465
9.988, -0.7977, 0.3980
9.994, -0.6583, -0.7998
10.001, 0.0437, 0.2772
10.007, -0.1886, -0.1121
10.013, -0.1818, -0.1764
10.019, -0.0359, -0.0832
10.026, -0.3399, 0.1281
10.032, -0.6821, -0.0173
10.038, 0.2811, -0.5692
10.044, 0.0291, 0.3161
10.051, -0.1694, -0.1491
10.057, -0.3615, -0.2233
10.063, 0.1633, 0.0882
10.069, -0.3719, -0.2312
10.076, -0.7051, -0.5322
10.082, 0.2871, 0.0280
10.088, -0.3904, 0.2402
10.094, -0.0582, -0.1546
10.101, 0.0838, 0.4507
10.107, -0.1224, 0.3862
10.113, -0.2835, -0.1952
10.119, 0.0579, -0.0367
10.126, -0.3440, 0.1270
10.132, -0.1399, -0.0963
10.138, -0.0809, -0.3489
10.144, -0.1475, 0.1353
10.151, -0.5272, -0.1056
10.157, -0.1257, -0.2256
10.163, -0.2229, -0.0213
10.169, -0.2915, 0.1208
10.176, -0.4382, -0.2329
10.182, 0.1675, -0.0470
10.188, -0.7995, 0.0954
10.194, 0.0394, -0.4362
10.201, -0.3518, 1.3760
10.213, -0.5201, -0.0845
10.219, -0.4734, -0.2461
10.227, -0.5982, 0.1655
10.233, -1.1560, -0.3268
10.239, 0.6328, -0.2461
10.245, -0.4746, -0.1201
10.252, -0.0361, -0.1112
10.258, 0.2527, -0.1877
10.264, -0.0321, -0.6584
10.270, 0.0104, 0.2431
10.277, -0.4791, -0.7531
10.283, 0.1260, -0.3722
10.289, 0.1825, 0.1878
10.295, -0.3481, -0.1795
10.302, -0.6561, -0.6166
10.308, -0.0369, 0.1272
10.314, -0.2546, 0.2139
10.320, -0.0409, -0.8839
10.327, 0.0849, 0.4351
10.333, 0.1352, 0.5927
10.339, -0.4544, -0.2342
10.345, 0.0990, -0.0091
10.352, -0.6227, -0.3042
10.358, -0.2256, -0.2258
10.364, 0.2598, -0.1929
10.370, -0.7433, 0.4075
10.377, 0.0510, -0.9186
10.383, -0.0685, 0.2199
10.389, -0.1233, 0.0253
10.395, -0.0190, -0.1959
10.402, 0.1366, 0.2161
10.408, 0.1243, 0.1933
10.414, -0.2119, -0.0314
10.420, -0.1526, 0.0447
10.427, -0.1454, -0.0390
10.433, -0.3637, 0.1873
10.439, -0.3769, -0.2097
10.445, -0.0878, -0.0780
10.452, -0.2505, -0.0377
10.458, -0.5327, -0.7926
10.464, 0.2077, 0.1575
10.470, -0.0079, 0.1417
10.477, 0.2677, -0.0375
10.483, -0.1171, -0.1497
10.489, 0.2659, -0.0608
10.495, -0.3886, 0.4324
10.502, -0.2428, -0.1219
10.508, 0.0775, 0.0430
10.514, -0.3490, -0.5374
10.520, 0.0270, -0.1372
10.527, -0.1065, 0.0249
10.533, -0.4936, -0.0620
10.539, -0.3892, -0.1550
10.545, 0.3081, -0.0440
10.552, -0.4998, 0.0986
10.558, 0.2020, -0.4301
10.564, -0.5183, 0.2973
10.570, -0.1252, -0.3435
10.577, -0.2683, -0.3850
10.583, -0.4696, -0.3090
10.589, -0.0730, 0.1482
10.595, -0.0782, -0.0144
10.602, 0.5041, 0.4210
10.608, -1.1649, -0.4546
10.614, -0.2706, 0.0513
10.620, -0.1928, -0.4043
10.627, -0.1120, -0.2360
10.633, -0.2279, 0.2644
10.639, -0.3997, -0.8945
10.645, 0.1419, 0.2940
10.652, -0.3586, -0.2692
10.658, -0.2000, -0.1717
10.664, -0.0012, -0.0161
10.670, -0.1874, 0.2075
10.677, -0.0611, -0.0502
10.683, 0.0447, -0.7297
10.689, -0.0800, 0.1503
10.695, -0.4004, -0.9336
10.702, 0.1690, -0.0525
10.708, 0.0555, 0.1513
10.714, 0.0176, 0.1690
10.720, -0.0233, 0.0378
10.727, -0.3659, -0.2166
10.733, -0.4605, -0.0951
10.739, 0.1423, -0.1649
10.745, -0.0875, -0.1070
10.752, -0.5067, -0.9536
10.758, -0.0801, -0.1933
10.764, -0.2710, -0.5262
10.770, -0.1071, -0.1129
10.777, 0.0237, -0.0815
10.783, 0.2474, 0.2826
10.789, -0.3543, -0.2709
10.795, 0.2834, -0.0815
10.802, -0.3965, -0.0904
10.808, -0.1848, 0.1921
10.814, -0.1745, 0.0727
10.820, -0.1289, -0.5966
10.827, -0.4891, -0.2261
10.833, -0.7844, -0.4131
10.839, 0.1579, -0.1446
10.845, 0.1418, 0.2820
10.852, 0.0226, -0.1483
10.858, -0.0632, -0.2250
10.864, 0.3269, -0.0269
10.870, -0.8896, -0.0056
10.877, 0.2734, -0.3691
10.883, -0.2448, 0.4164
10.889, -0.6264, 0.0648
10.895, -0.0964, -0.1334
10.902, 0.2208, 0.0918
10.908, 0.0544, 0.0272
10.914, -0.4245, -0.1276
10.920, 0.2515, 0.0234
10.927, -1.0377, 0.2573
10.939, 0.1908, -0.1960
10.945, -0.2491, -0.5794
10.952, -0.0804, -0.4931
10.958, -0.0407, -0.0921
10.964, 0.2165, 0.4461
10.970, -0.5203, -0.1676
10.977, 0.2327, 0.1627
10.983, 0.1650, 0.1344
10.989, -0.1745, -0.0798
10.995, -0.2414, -0.1597
11.002, -0.7943, 0.0797
11.008, -0.9604, -0.2094
11.014, 0.2642, -0.3443
11.020, -0.1119, 0.2621
11.027, 0.6908, -0.8820
11.033, 0.1122, -0.1714
11.039, 0.0472, -0.3185
11.045, -0.3714, 0.3515
11.052, -0.2750, 0.0700
11.058, 0.1212, 0.0833
11.064, 0.0387, 0.1459
11.070, 0.2756, 0.1366
11.077, -0.0831, 0.1240
11.083, -0.4174, 0.0622
11.089, 0.4218, -0.1718
11.095, 0.1732, 0.0594
11.102, -0.1088, 0.0441
11.108, 0.1711, -1.0580
11.114, 0.0820, -0.2148
11.120, -0.3273, -0.4775
11.127, -0.2160, -0.4740
11.133, 0.2714, 0.1543
11.139, 0.2336, 0.1961
11.145, -0.2360, -0.3318
11.152, 0.4233, -0.2424
11.158, 0.0757, 0.0638
11.164, -0.1150, -0.0207
11.170, 0.0856, -0.0974
11.177, -0.0951, -0.5721
11.183, 0.0153, -0.2133
11.189, 0.0024, -0.3581
11.195, 0.2015, 0.1023
11.202, -0.4315, -0.2655
11.208, 0.0252, -0.0705
11.214, 0.3723, 0.1486
11.220, -0.3377, 0.1718
11.227, -0.6574, -0.0033
11.233, 0.0476, -0.2384
11.239, -0.2577, 0.6290
11.245, -0.1920, -0.1831
11.252, -0.1571, 0.0226
11.258, 0.2034, -0.0019
11.264, 0.1337, 0.1918