0.001, 0.000, 0.798
0.063, 0.000, -0.115
0.126, 0.000, -0.060
0.188, 0.794, -0.035
0.251, 0.794, 0.311
0.313, 0.794, 0.535
0.376, 0.794, 0.680
0.438, 0.794, 0.721
0.501, 0.794, 0.756
0.563, 0.794, 0.779
0.626, 0.794, 0.805
0.688, 0.794, 0.816
0.751, 0.794, 0.816
0.813, 0.794, 0.815
0.876, 0.794, 0.811
0.938, 0.794, 0.810
1.001, 0.794, 0.808
1.063, 0.794, 0.805
1.126, 0.794, 0.802
1.188, 0.794, 0.784
1.251, 0.794, 0.784
1.313, 0.794, 0.784
1.376, 0.794, 0.785
1.438, 0.794, 0.785
1.501, 0.794, 0.787
1.563, 0.794, 0.787
1.626, 0.794, 0.787
1.688, 0.794, 0.788
1.751, 0.794, 0.788
1.813, 0.794, 0.788
1.876, 0.794, 0.788
1.938, 0.794, 0.790
2.001, 0.794, 0.790
2.063, 0.794, 0.790
2.126, 0.794, 0.790
2.188, 1.571, 0.792
2.251, 1.571, 1.127
2.313, 1.571, 1.368
2.376, 1.571, 1.440
2.438, 1.571, 1.500
2.501, 1.571, 1.531
2.563, 1.571, 1.551
2.626, 1.571, 1.560
2.688, 1.571, 1.582
2.751, 1.571, 1.580
2.813, 1.571, 1.580
2.876, 1.571, 1.580
2.938, 1.571, 1.578
3.001, 1.571, 1.578
3.063, 1.571, 1.578
3.126, 1.571, 1.578
3.188, 1.571, 1.577
3.251, 1.571, 1.577
3.313, 1.571, 1.577
3.376, 1.571, 1.575
3.438, 1.571, 1.575
3.501, 1.571, 1.575
3.563, 1.571, 1.575
3.626, 1.571, 1.575
3.688, 1.571, 1.575
3.751, 1.571, 1.574
3.813, 1.571, 1.574
3.876, 1.571, 1.574
3.938, 1.571, 1.574
4.001, 1.571, 1.574
4.063, 1.571, 1.574
4.126, 1.571, 1.574
4.188, -3.142, 1.572
4.251, -3.142, -0.518
4.313, -3.142, -1.845
4.376, -3.142, -2.461
4.438, -3.142, -2.773
4.501, -3.142, -2.988
4.563, -3.142, -3.050
4.626, -3.142, -3.085
4.688, -3.142, -3.109
4.751, -3.142, -3.126
4.813, -3.142, -3.132
4.876, -3.142, -3.137
4.938, -3.142, -3.139
5.001, -3.142, -3.140
5.063, -3.142, -3.140
5.126, -3.142, -3.142
5.188, -3.142, -3.142
5.251, -3.142, -3.142
5.313, -3.142, -3.142
5.376, -3.142, -3.142
5.438, -3.142, -3.142
5.501, -3.142, -3.142
5.563, -3.142, -3.142
5.626, -3.142, -3.142
5.688, -3.142, -3.142
5.751, -3.142, -3.142
5.813, -3.142, -3.142
5.876, -3.142, -3.142
5.938, -3.142, -3.142
6.001, -3.142, -3.142
6.063, -3.142, -3.142
6.126, -3.142, -3.142
6.188, 0.000, -3.142
6.251, 0.000, -1.801
6.313, 0.000, -0.900
6.376, 0.000, -0.465
6.438, 0.000, -0.282
6.501, 0.000, -0.100
6.563, 0.000, -0.044
6.626, 0.000, -0.023
6.688, 0.000, -0.014
6.751, 0.000, -0.009
6.813, 0.000, -0.006
6.876, 0.000, -0.003
6.938, 0.000, -0.002
7.001, 0.000, -0.002
7.063, 0.000, -0.002
7.126, 0.000, -0.002
7.188, 0.000, -0.002
7.251, 0.000, -0.002
7.313, 0.000, -0.002
7.376, 0.000, -0.002
7.438, 0.000, -0.002
7.501, 0.000, -0.002
7.563, 0.000, -0.002
7.626, 0.000, -0.002
7.688, 0.000, -0.002
7.751, 0.000, 0.014
7.813, 0.000, 0.014
7.876, 0.000, 0.012
7.938, 0.000, 0.012
8.001, 0.000, 0.011
8.063, 0.000, 0.009
8.126, 0.000, 0.008
8.188, 0.794, 0.008
8.251, 0.794, 0.301
8.313, 0.794, 0.541
8.376, 0.794, 0.681
8.438, 0.794, 0.721
8.501, 0.794, 0.756
8.563, 0.794, 0.779
8.626, 0.794, 0.808
8.688, 0.794, 0.816
8.751, 0.794, 0.816
8.813, 0.794, 0.815
8.876, 0.794, 0.811
8.938, 0.794, 0.808
9.001, 0.794, 0.805
9.063, 0.794, 0.801
9.126, 0.794, 0.796
9.188, 0.794, 0.795
9.251, 0.794, 0.793
9.313, 0.794, 0.793
9.376, 0.794, 0.793
9.438, 0.794, 0.793
9.501, 0.794, 0.793
9.563, 0.794, 0.793
9.626, 0.794, 0.793
9.688, 0.794, 0.793
9.751, 0.794, 0.793
9.813, 0.794, 0.793
9.876, 0.794, 0.793
9.938, 0.794, 0.795
10.001, 0.794, 0.793
10.063, 0.794, 0.793
10.126, 0.794, 0.795
10.188, 1.571, 0.793
10.252, 1.571, 1.078
10.314, 1.571, 1.348
10.377, 1.571, 1.436
10.439, 1.571, 1.493
10.502, 1.571, 1.528
10.564, 1.571, 1.551
10.627, 1.571, 1.563
10.689, 1.571, 1.577
10.752, 1.571, 1.578
10.814, 1.571, 1.577
10.877, 1.571, 1.577
10.939, 1.571, 1.577
11.002, 1.571, 1.577
11.064, 1.571, 1.575
11.127, 1.571, 1.575
11.189, 1.571, 1.575
11.252, 1.571, 1.575
11.314, 1.571, 1.575
11.377, 1.571, 1.574
11.439, 1.571, 1.574
11.502, 1.571, 1.574
11.564, 1.571, 1.574
11.627, 1.571, 1.574
11.689, 1.571, 1.574
11.752, 1.571, 1.572
11.814, 1.571, 1.572
11.877, 1.571, 1.572
11.939, 1.571, 1.572
12.002, 1.571, 1.572
12.064, 1.571, 1.572
12.127, 1.571, 1.572
12.189, -3.142, 1.572
12.252, -3.142, -0.506
12.314, -3.142, -1.838
12.377, -3.142, -2.456
12.439, -3.142, -2.773
12.502, -3.142, -2.987
12.564, -3.142, -3.050
12.627, -3.142, -3.083
12.689, -3.142, -3.109
12.753, -3.142, -3.126
12.815, -3.142, -3.132
12.878, -3.142, -3.135
12.940, -3.142, -3.139
13.003, -3.142, -3.140
13.065, -3.142, -3.140
13.128, -3.142, -3.142
13.190, -3.142, -3.142
13.253, -3.142, -3.142
13.315, -3.142, -3.142
13.378, -3.142, -3.142
13.440, -3.142, -3.142
13.503, -3.142, -3.142
13.565, -3.142, -3.142
13.628, -3.142, -3.142
13.690, -3.142, -3.142
13.753, -3.142, -3.142
13.815, -3.142, -3.142
13.878, -3.142, -3.142
13.940, -3.142, -3.142
14.003, -3.142, -3.142
14.065, -3.142, -3.142
14.128, -3.142, -3.142
14.190, 0.000, -3.142
14.253, 0.000, -1.805
14.315, 0.000, -0.899
14.378, 0.000, -0.465
14.440, 0.000, -0.282
14.503, 0.000, -0.100
14.565, 0.000, -0.044
14.628, 0.000, -0.023
14.690, 0.000, -0.015
14.753, 0.000, -0.009
14.815, 0.000, -0.006
14.878, 0.000, -0.003
14.940, 0.000, -0.003
15.003, 0.000, -0.002
15.065, 0.000, -0.002
15.128, 0.000, -0.002
15.191, 0.000, -0.002
15.254, 0.000, -0.002
15.316, 0.000, -0.002
15.379, 0.000, -0.002
15.441, 0.000, -0.002
15.504, 0.000, -0.002
15.566, 0.000, -0.002
15.629, 0.000, -0.002
15.691, 0.000, -0.002
15.754, 0.000, 0.015
15.816, 0.000, 0.014
15.879, 0.000, 0.014
15.941, 0.000, 0.012
16.004, 0.000, 0.011
16.066, 0.000, 0.009
16.129, 0.000, 0.009
16.191, 0.794, 0.008
16.254, 0.794, 0.301
16.316, 0.794, 0.541
16.379, 0.794, 0.681
16.441, 0.794, 0.721
16.504, 0.794, 0.756
16.566, 0.794, 0.779
16.628, 0.794, 0.808
16.690, 0.794, 0.816
16.753, 0.794, 0.815
16.815, 0.794, 0.813
16.878, 0.794, 0.811
16.940, 0.794, 0.808
17.003, 0.794, 0.805
17.065, 0.794, 0.802
17.128, 0.794, 0.796
17.190, 0.794, 0.795
17.253, 0.794, 0.793
17.315, 0.794, 0.793
17.378, 0.794, 0.793
17.440, 0.794, 0.795
17.503, 0.794, 0.793
17.565, 0.794, 0.793
