0.000, 00.000
0.007, 32.214
0.013, 69.029
0.019, 87.437
0.026, 88.971
0.032, 90.505
0.038, 90.505
0.044, 93.573
0.051, 98.175
0.057, 85.903
0.063, 101.243
0.069, 101.243
0.076, 101.243
0.082, 90.506
0.088, 104.311
0.094, 102.777
0.101, 90.505
0.107, 101.242
0.113, 102.777
0.119, 88.970
0.126, 88.971
0.132, 102.777
0.138, 101.243
0.144, 102.777
0.151, 102.776
0.157, 102.777
0.163, 88.970
0.169, 101.244
0.176, 102.776
0.182, 101.244
0.188, 88.970
0.194, 101.242
0.201, 101.242
0.207, 101.242
0.213, 102.776
0.219, 88.970
0.226, 88.970
0.232, 101.244
0.238, 101.242
0.244, 90.504
0.251, 88.970
0.257, 102.777
0.263, 102.777
0.269, 101.242
0.275, 102.776
0.282, 101.242
0.288, 88.970
0.294, 102.776
0.301, 101.242
0.307, 102.777
0.313, 88.970
0.319, 102.777
0.326, 102.776
0.332, 87.437
0.338, 102.776
0.344, 101.242
0.351, 101.242
0.357, 90.504
0.363, 99.709
0.369, 101.242
0.376, 88.974
0.382, 99.709
0.388, 102.779
0.394, 87.437
0.401, 88.970
0.407, 101.242
0.413, 101.242
0.419, 102.779
0.426, 101.242
0.432, 102.776
0.438, 88.970
0.444, 102.779
0.451, 104.313
0.457, 101.242
0.463, 102.776
0.469, 104.309
0.476, 88.970
0.482, 102.779
0.488, 101.242
0.494, 88.970
0.501, 88.970
0.507, 84.370
0.513, 101.242
0.519, 88.970
0.525, 101.242
0.532, 104.309
0.538, 88.970
0.544, 102.779
0.551, 101.242
0.557, 101.242
0.563, 90.507
0.569, 101.242
0.576, 101.242
0.582, 102.776
0.588, 101.242
0.594, 102.776
0.601, 101.242
0.607, 87.437
0.613, 101.242
0.619, 99.709
0.626, 102.776
0.632, 101.246
0.638, 102.776
0.644, 101.242
0.651, 88.974
0.657, 102.776
0.663, 101.242
0.669, 88.966
0.676, 102.776
0.682, 101.242
0.688, 90.507
0.694, 101.242
0.701, 102.776
0.707, 102.776
0.713, 88.974
0.719, 102.776
0.726, 102.776
0.732, 101.242
0.738, 104.309
0.744, 87.440
0.751, 88.966
0.757, 101.242
0.763, 101.242
0.769, 88.966
0.776, 88.974
0.782, 102.776
0.788, 102.776
0.794, 87.433
0.801, 101.242
0.807, 101.242
0.813, 87.440
0.819, 102.776
0.826, 101.250
0.832, 101.242
0.838, 88.966
0.844, 101.242
0.850, 104.309
0.857, 88.974
0.863, 102.776
0.869, 101.242
0.876, 101.242
0.882, 90.507
0.888, 101.242
0.894, 101.242
0.901, 102.776
0.907, 99.709
0.913, 102.783
0.919, 88.966
0.926, 88.974
0.932, 101.242
0.938, 99.709
0.944, 101.242
0.951, 101.242
0.957, 101.242
0.963, 88.966
0.969, 102.783
0.976, 104.309
0.982, 102.776
0.988, 90.507
0.994, 102.776
1.001, 101.242
1.007, 102.776
1.013, 102.776
1.019, 87.440
1.025, 101.242
1.032, 101.242
1.038, 101.242
1.044, 88.974
1.051, 101.242
1.057, 102.776
1.063, 88.966
1.069, 101.242
1.076, 101.242
1.082, 101.242
1.088, 88.974
1.094, 101.242
1.100, 101.242
1.107, 102.776
1.113, 101.250
1.119, 102.776
1.126, 101.242
1.132, 87.433
1.138, 102.776
1.144, 101.242
1.151, 102.776
1.157, 102.776
1.163, 101.242
1.169, 90.500
1.176, 88.966
1.182, 102.783
1.188, 102.776
1.194, 88.974
1.201, 90.507
1.207, 101.242
1.213, 88.974
1.219, 102.776
1.226, 102.783
1.232, 102.776
1.238, 90.500
1.244, 101.250
1.251, 102.783
1.257, 88.966
1.263, 102.776
1.269, 88.966
1.276, 88.966
1.282, 102.776
1.288, 101.242
1.294, 88.974
1.301, 90.500
1.307, 101.242
1.313, 101.242
1.319, 99.701
1.326, 101.242
1.332, 101.242
1.338, 95.108
1.344, 101.242
1.351, 99.701
1.357, 102.783
1.363, 90.500
1.369, 101.242
1.376, 102.768
1.382, 87.448
1.388, 99.716
1.394, 102.768
1.401, 96.634
1.407, 88.959
1.413, 101.242
1.419, 101.242
1.426, 104.309
1.432, 99.716
1.438, 102.783
1.444, 88.974
1.451, 87.448
1.457, 102.783
1.463, 101.242
1.469, 87.433
1.476, 88.959
1.482, 101.242
1.488, 104.309
1.494, 101.242
1.501, 102.768
1.507, 101.242
1.513, 87.433
1.519, 102.783
1.526, 101.242
1.532, 102.768
1.538, 88.974
1.544, 101.242
1.550, 102.768
1.557, 101.242
1.563, 101.242
1.569, 88.974
1.576, 88.959
1.582, 102.783
1.588, 102.768
1.594, 88.974
1.600, 102.783
1.607, 99.701
1.613, 88.974
1.619, 102.768
1.626, 101.242
1.632, 102.768
1.638, 87.448
1.644, 102.768
1.651, 102.768
1.657, 99.716
1.663, 101.242
1.669, 101.242
1.675, 88.974
1.682, 90.500
1.688, 101.242
1.694, 102.768
1.701, 101.242
1.707, 99.716
1.713, 104.309
1.719, 88.974
1.726, 88.974
1.732, 101.242
1.738, 101.242
1.744, 90.500
1.751, 101.242
1.757, 102.768
1.763, 90.500
1.769, 101.242
1.776, 102.783
1.782, 101.242
1.788, 88.974
1.794, 102.768
1.801, 102.783
1.807, 104.309
1.813, 102.768
1.819, 101.242
1.826, 88.974
1.832, 99.716
1.838, 101.242
1.844, 88.974
1.851, 87.448
1.857, 101.242
1.863, 101.242
1.869, 90.500
1.876, 102.783
1.882, 101.242
1.888, 90.500
1.894, 99.701
1.901, 101.242
1.907, 101.242
1.913, 87.448
1.919, 101.242
1.926, 99.716
1.932, 88.974
1.938, 102.768
1.944, 101.242
1.951, 101.242
1.957, 88.959
1.963, 102.783
1.969, 102.783
1.976, 99.716
1.982, 102.783
1.988, 101.242
1.994, 88.959
2.001, 90.500
2.007, 101.257
2.013, 102.783
2.019, 88.974
2.026, 101.242
2.032, 104.309
2.038, 88.974
2.044, 102.768
2.051, 101.242
2.057, 101.257
2.063, 90.500
2.069, 101.242
2.076, 102.768
2.082, 90.500
2.088, 99.701
2.094, 102.768
2.101, 88.974
2.107, 101.242
2.113, 101.242
2.119, 88.959
2.126, 88.974
2.132, 101.242
2.138, 101.242
2.144, 88.974
2.151, 101.242
2.157, 102.768
2.163, 88.959
2.169, 101.242
2.175, 102.783
2.182, 101.242
2.188, 88.974
2.194, 102.783
2.201, 101.242
2.207, 102.783
2.213, 99.716
2.219, 102.768
2.226, 101.242
2.232, 88.974
2.238, 102.768
2.244, 101.242
2.251, 102.768
2.257, 88.959
2.263, 101.242
2.269, 101.242
2.276, 87.433
2.282, 101.242
2.288, 104.309
2.294, 88.974
2.301, 88.974
2.307, 101.242
2.313, 101.242
2.319, 90.500
2.326, 101.242
2.332, 102.783
2.338, 90.515
2.344, 101.242
2.351, 102.768
2.357, 88.974
2.363, 101.242
2.369, 101.242
2.376, 101.242
2.382, 90.500
2.388, 101.242
2.394, 101.242
2.401, 88.974
2.407, 101.242
2.413, 102.783
2.419, 88.974
2.426, 88.974
2.432, 101.242
2.438, 101.242
2.444, 90.500
2.451, 102.783
2.457, 102.783
2.463, 102.783
2.469, 101.242
2.476, 102.783
2.482, 101.242
2.488, 88.974
2.494, 102.768
2.501, 101.242
2.507, 102.783
2.513, 90.500
2.519, 101.242
2.526, 102.783
2.532, 87.448
2.538, 101.257
2.544, 102.768
2.551, 101.242
2.557, 90.500
2.563, 101.242
2.569, 102.783
2.576, 90.515
2.582, 101.242
2.588, 102.768
2.594, 88.974
2.601, 88.959
2.607, 104.309
2.613, 101.227
2.619, 102.783
2.626, 101.257
2.632, 101.257
2.638, 102.753
2.644, 102.783
2.651, 101.257
2.657, 88.989
2.663, 101.227
2.669, 102.783
2.676, 101.257
2.682, 102.753
2.688, 102.783
2.694, 101.257
2.700, 102.783
2.707, 102.783
2.713, 101.227
2.719, 88.959
2.726, 88.959
2.732, 102.753
2.738, 101.227
2.744, 101.257
2.751, 101.227
2.757, 101.257
2.763, 90.485
2.769, 101.227
2.776, 101.257
2.782, 102.783
2.788, 87.433
2.794, 102.783
2.801, 101.257
2.807, 88.959
2.813, 102.783
2.819, 99.701
2.826, 102.783
2.832, 90.515
2.838, 102.783
2.844, 104.309
2.851, 99.701
2.857, 101.227
2.863, 104.309
2.869, 82.825
2.876, 102.783
2.882, 101.227
2.888, 102.753
2.894, 104.309
2.901, 101.257
2.907, 102.783
2.913, 101.227
2.919, 101.257
2.926, 102.753
2.932, 87.463
2.938, 101.227
2.944, 102.783
2.950, 87.433
2.957, 90.515
2.963, 102.753
2.969, 101.227
2.976, 88.989
2.982, 99.701
2.988, 102.783
2.994, 88.959
3.001, 87.433
3.007, 101.257
3.013, 101.257
3.019, 88.959
3.026, 102.783
3.032, 102.783
3.038, 102.783
3.044, 99.701
3.051, 102.783
3.057, 101.257
3.063, 88.959
3.069, 102.783
3.076, 101.227
3.082, 102.783
3.088, 90.485
3.094, 101.227
3.101, 104.309
3.107, 87.433
3.113, 102.783
3.119, 102.753
3.126, 101.257
3.132, 88.989
3.138, 101.227
3.144, 102.783
3.151, 90.485
3.157, 102.783
3.163, 90.485
3.169, 99.731
3.176, 102.783
3.182, 102.783
3.188, 85.907
3.194, 101.227
3.201, 99.701
3.207, 88.989
3.213, 104.309
3.219, 101.227
3.226, 102.753
3.232, 88.959
3.238, 101.227
3.244, 104.309
3.251, 88.959
3.257, 102.783
3.263, 101.257
3.269, 88.959
3.275, 102.753
3.282, 101.257
3.288, 102.783
3.294, 90.515
3.301, 99.701
3.307, 102.783
3.313, 88.989
3.319, 101.257
3.326, 101.227
3.332, 101.257
3.338, 88.959
3.344, 102.783
3.351, 101.257
3.357, 101.257
3.363, 99.701
3.369, 102.753
3.376, 101.257
3.382, 88.959
3.388, 102.783
3.394, 99.731
3.401, 104.309
3.407, 102.783
3.413, 101.227
3.419, 90.515
3.426, 101.227
3.432, 102.753
3.438, 90.515
3.444, 101.257
3.450, 102.783
3.457, 102.753
3.463, 102.753
3.469, 102.783
3.476, 101.227
3.482, 88.959
3.488, 101.257
3.494, 101.257
3.501, 102.753
3.507, 88.959
3.513, 101.257
3.519, 101.257
3.525, 88.959
3.532, 102.783
3.538, 101.257
3.544, 88.989
3.551, 87.433
3.557, 101.227
3.563, 102.783
3.569, 88.959
3.576, 102.753
3.582, 101.227
3.588, 101.227
3.594, 102.753
3.601, 101.227
3.607, 102.753
3.613, 88.959
3.619, 101.227
3.626, 102.783
3.632, 101.227
3.638, 101.257
3.644, 102.753
3.651, 101.257
3.657, 90.515
3.663, 102.783
3.669, 101.227
3.676, 102.783
3.682, 87.463
3.688, 101.257
3.694, 102.753
3.701, 101.227
3.707, 102.783
3.713, 88.959
3.719, 102.753
3.726, 101.227
3.732, 101.227
3.738, 90.515
3.744, 101.227
3.751, 101.227
3.757, 88.959
3.763, 101.257
3.769, 102.783
3.776, 101.227
3.782, 87.433
3.788, 102.783
3.794, 101.227
3.801, 102.783
3.807, 101.257
3.813, 101.257
3.819, 88.989
3.826, 88.989
3.832, 102.783
3.838, 101.257
3.844, 88.959
3.851, 92.041
3.857, 101.227
3.863, 101.227
3.869, 101.227
3.876, 101.227
3.882, 102.753
3.888, 88.959
3.894, 101.227
3.901, 102.783
3.907, 101.257
3.913, 102.783
3.919, 102.753
3.926, 102.783
3.932, 88.959
3.938, 101.257
3.944, 102.783
3.951, 101.227
3.957, 102.783
3.963, 102.783
3.969, 102.783
3.976, 102.783
3.982, 102.783
3.988, 88.989
3.994, 102.783
4.001, 99.731
4.007, 102.753
4.013, 88.959
4.019, 101.257
4.025, 102.783
4.032, 88.959
4.038, 102.753
4.044, 102.783
4.051, 101.257
4.057, 90.485
4.063, 99.731
4.069, 102.783
4.076, 102.753
4.082, 101.227
4.088, 101.227
4.094, 87.463
4.100, 101.257
4.107, 102.783
4.113, 101.227
4.119, 88.989
4.126, 101.227
4.132, 101.227
4.138, 102.783
4.144, 101.257
4.151, 101.257
4.157, 101.227
4.163, 88.989
4.169, 102.783
4.176, 101.257
4.182, 101.227
4.188, 102.783
4.194, 101.227
4.201, 104.309
4.207, 88.989
4.213, 102.783
4.219, 102.783
4.226, 101.257
4.232, 90.515
4.238, 101.257
4.244, 101.227
4.251, 102.753
4.257, 101.257
4.263, 90.485
4.269, 102.783
4.276, 101.227
4.282, 102.783
4.288, 87.433
4.294, 102.783
4.301, 101.257
4.307, 88.989
4.313, 101.257
4.319, 101.257
4.326, 101.227
4.332, 88.989
4.338, 101.227
4.344, 102.783
4.351, 99.731
4.357, 102.783
4.363, 102.783
4.369, 87.433
4.376, 88.959
4.382, 101.257
4.388, 101.257
4.394, 90.485
4.401, 99.701
4.407, 102.783
4.413, 101.227
4.419, 101.257
4.426, 102.783
4.432, 101.227
4.438, 88.959
4.444, 101.227
4.451, 101.227
4.457, 90.515
4.463, 101.257
4.469, 102.783
4.476, 102.783
4.482, 88.959
4.488, 102.783
4.494, 102.783
4.501, 102.783
4.507, 101.227
4.513, 101.227
4.519, 102.783
4.526, 101.257
4.532, 102.783
4.538, 88.959
4.544, 101.227
4.550, 102.783
4.557, 102.783
4.563, 102.753
4.569, 102.753
4.576, 101.257
4.582, 88.989
4.588, 102.783
4.594, 102.783
4.601, 102.783
4.607, 88.989
4.613, 102.783
4.619, 102.783
4.626, 88.989
4.632, 102.783
4.638, 99.731
4.644, 88.959
4.651, 88.989
4.657, 101.257
4.663, 102.783
4.669, 87.433
4.676, 102.783
4.682, 104.309
4.688, 88.959
4.694, 102.783
4.701, 101.227
4.707, 101.227
4.713, 88.959
4.719, 101.227
4.726, 102.783
4.732, 101.227
4.738, 102.753
4.744, 104.309
4.751, 102.783
4.757, 90.515
4.763, 102.783
4.769, 101.257
4.776, 104.340
4.782, 101.227
4.788, 102.783
4.794, 102.783
4.800, 101.257
4.807, 104.309
4.813, 88.989
4.819, 102.783
4.826, 102.783
4.832, 99.701
4.838, 88.959
4.844, 102.753
4.851, 102.783
4.857, 88.989
4.863, 101.257
4.869, 102.783
4.876, 101.227
4.882, 87.433
4.888, 102.783
4.894, 99.731
4.901, 102.783
4.907, 101.227
4.913, 101.227
4.919, 90.515
4.925, 99.701
4.932, 102.783
4.938, 102.783
4.944, 88.989
4.951, 90.515
4.957, 99.701
4.963, 102.783
4.969, 102.783
4.976, 116.608
4.982, 101.257
4.988, 87.433
4.994, 101.257
5.001, 102.783
5.007, 102.783
5.013, 102.783
5.019, 102.753
5.026, 102.783
5.032, 90.485
5.038, 101.227
5.044, 101.257
5.051, 88.989
5.057, 101.227
5.063, 102.783
5.069, 88.989
5.076, 101.257
5.082, 101.257
5.088, 88.959
5.094, 102.783
5.101, 101.227
5.107, 101.257
5.113, 88.989
5.119, 101.227
5.126, 102.783
5.132, 102.783
5.138, 101.257
5.144, 102.783
5.151, 101.257
5.157, 88.959
5.163, 101.257
5.169, 101.227
5.176, 101.257
5.182, 88.959
5.188, 102.783
5.194, 102.783
5.201, 88.928
5.207, 101.196
5.213, 101.257
5.219, 88.989
5.226, 90.515
5.232, 101.196
5.238, 102.783
5.244, 88.989
5.251, 102.783
5.257, 102.783
5.263, 88.989
5.269, 102.783
5.276, 99.670
5.282, 102.783
5.288, 102.783
5.294, 84.412
5.301, 101.257
5.307, 88.989
5.313, 102.783
5.319, 90.515
5.326, 88.928
5.332, 102.722
5.338, 102.783
5.344, 88.989
5.351, 101.196
5.357, 101.257
5.363, 88.989
5.369, 101.257
5.376, 101.257
5.382, 102.783
5.388, 88.989
5.394, 102.783
5.401, 101.196
5.407, 101.257
5.413, 102.783
5.419, 101.257
5.426, 102.783
5.432, 88.928
5.438, 101.257
5.444, 102.722
5.451, 101.196
5.457, 102.783
5.463, 102.783
5.469, 88.989
5.476, 90.515
5.482, 101.257
5.488, 101.257
5.494, 90.515
5.501, 87.463
5.507, 102.783
5.513, 102.783
5.519, 101.257
5.526, 101.257
5.532, 99.670
5.538, 90.515
5.544, 102.783
5.551, 101.257
5.557, 104.309
5.563, 101.257
5.569, 102.783
5.576, 104.309
5.582, 88.928
5.588, 104.309
5.594, 88.928
5.601, 88.989
5.607, 102.783
5.613, 101.257
5.619, 102.783
5.626, 101.257
5.632, 101.196
5.638, 90.515
5.644, 101.196
5.651, 102.783
5.657, 101.257
5.663, 88.989
5.669, 102.783
5.676, 101.257
5.682, 88.989
5.688, 101.257
5.694, 101.257
5.700, 88.989
5.707, 88.989
5.713, 102.783
5.719, 101.257
5.726, 101.257
5.732, 102.783
5.738, 101.257
5.744, 88.989
5.751, 88.928
5.757, 101.257
5.763, 102.783
5.769, 88.989
5.776, 88.989
5.782, 101.257
5.788, 99.731
5.794, 102.783
5.801, 101.196
5.807, 101.257
5.813, 90.515
5.819, 101.257
5.826, 102.783
5.832, 104.309
5.838, 102.783
5.844, 102.783
5.851, 99.670
5.857, 88.989
5.863, 102.783
5.869, 88.928
5.876, 90.515
5.882, 101.196
5.888, 101.257
5.894, 104.309
5.901, 101.196
5.907, 101.257
5.913, 88.989
5.919, 101.196
5.926, 102.783
5.932, 101.257
5.938, 88.989
5.944, 101.196
5.951, 101.257
5.957, 90.515
5.963, 101.257
5.969, 102.783
5.976, 102.783
5.982, 87.463
5.988, 102.783
5.994, 101.257
6.001, 88.989
6.007, 102.783
6.013, 101.257
6.019, 90.454
6.026, 88.928
6.032, 102.783
6.038, 101.257
6.044, 87.463
6.051, 102.783
6.057, 102.722
6.063, 88.989
6.069, 102.783
6.076, 102.783
6.082, 104.309
6.088, 90.515
6.094, 101.257
6.101, 104.309
6.107, 88.928
6.113, 102.783
6.119, 102.722
6.126, 101.257
6.132, 102.783
6.138, 99.731
6.144, 90.454
6.151, 102.783
6.157, 102.722
6.163, 102.783
6.169, 99.731
6.176, 101.257
6.182, 102.783
6.188, 88.989
6.194, 102.783
6.201, 101.196
6.207, 102.783
6.213, 102.783
6.219, 101.257
6.226, 102.783
6.232, 88.989
6.238, 101.257
6.244, 104.309
6.251, 101.196
6.257, 88.989
6.263, 101.257
6.269, 101.196
6.275, 102.783
6.282, 101.257
6.288, 101.257
6.294, 88.989
6.301, 87.402
6.307, 102.783
6.313, 101.257
6.319, 101.257
6.326, 101.257
6.332, 101.257
6.338, 88.989
6.344, 101.257
6.351, 102.783
6.357, 101.257
6.363, 101.257
6.369, 102.783
6.376, 102.783
6.382, 88.989
6.388, 101.257
6.394, 101.196
6.401, 90.454
6.407, 102.783
6.413, 101.257
6.419, 101.257
6.426, 101.257
6.432, 102.722
6.438, 88.989
6.444, 101.257
6.451, 102.783
6.457, 101.196
6.463, 90.515
6.469, 102.783
6.476, 102.783
6.482, 90.515
6.488, 99.731
6.494, 101.257
6.501, 102.783
6.507, 88.989
6.513, 101.196
6.519, 101.196
6.525, 88.989
6.532, 102.783
6.538, 101.257
6.544, 90.454
6.551, 88.989
6.557, 101.257
6.563, 102.783
6.569, 87.463
6.576, 102.783
6.582, 101.257
6.588, 88.928
6.594, 102.783
6.601, 102.783
6.607, 102.783
6.613, 102.783
6.619, 101.257
6.626, 102.722
6.632, 88.989
6.638, 102.783
6.644, 102.783
6.651, 101.257
6.657, 90.515
6.663, 102.783
6.669, 102.783
6.676, 101.257
6.682, 101.196
6.688, 90.515
6.694, 101.257
6.701, 101.196
6.707, 102.783
6.713, 87.463
6.719, 102.783
6.726, 102.722
6.732, 88.989
6.738, 102.783
6.744, 99.731
6.751, 101.257
6.757, 90.515
6.763, 101.257
6.769, 102.783
6.776, 87.463
6.782, 102.783
6.788, 102.783
6.794, 87.463
6.801, 88.928
6.807, 101.196
6.813, 102.783
6.819, 102.783
6.826, 101.257
6.832, 102.783
6.838, 87.463
6.844, 102.783
6.851, 102.783
6.857, 101.257
6.863, 88.989
6.869, 101.196
6.876, 101.257
6.882, 88.989
6.888, 101.257
6.894, 102.783
6.901, 102.783
6.907, 88.989
6.913, 104.309
6.919, 88.989
6.926, 90.454
6.932, 102.783
6.938, 101.257
6.944, 104.309
6.951, 101.257
6.957, 101.257
6.963, 88.928
6.969, 101.257
6.975, 102.783
6.982, 88.989
6.988, 101.257
6.994, 102.783
7.001, 101.257
7.007, 90.515
7.013, 101.257
7.019, 101.257
7.026, 88.989
7.032, 101.257
7.038, 102.783
7.044, 90.515
7.051, 88.989
7.057, 102.783
7.063, 101.257
7.069, 88.928
7.076, 101.196
7.082, 116.577
7.088, 88.928
7.094, 101.257
7.101, 102.783
